30	373.347	1102.21	866.958	4355.25	1576.38	2297.35	931.074	2098.3
184.392	368.784	1468.16	15
155.608	155.608	1656.78	28
478.79	478.79	1680.53	32
388.81	777.621	1214.22	21
278.234	278.234	1746.38	26
295.065	590.131	1472.75	33
811.953	1623.91	1604.49	31
597.215	2388.86	2098.3	30
150.898	150.898	1508.26	20
1088.81	4355.25	1902.8	24
1102.21	1102.21	2297.35	24
146.604	293.209	1335.11	30
305.201	610.401	1503.01	25
123.333	246.666	1504.71	18
230.322	230.322	1433.58	16
40.2597	80.5195	1233.47	15
48.3741	96.7482	1358.33	9
142.203	284.406	1302.62	21
547.759	1095.52	1827.62	6
67.3128	67.3128	1463.15	0
271.053	542.105	1485.5	30
597.211	2388.85	1503.77	0
931.074	1862.15	2142	31
221.574	443.148	1421	24
400.602	801.203	1582.47	1
98.262	393.048	1482.43	12
386.83	773.659	1579.8	33
654.146	2616.58	1507.51	9
277.029	554.059	1520.8	18
179.275	358.55	1454.59	21
30	385.065	1436.47	1104.55	5745.86	1575.21	2216.85	882.609	1869.75
478.195	956.391	2074.21	31
321.691	321.691	1558.17	17
145.679	145.679	1457.79	15
335.706	335.706	1869.75	26
730.565	1461.13	1597.08	21
98.6732	197.346	1275.32	7
616.641	2466.56	1650.46	30
203.737	814.949	1296.55	3
289.827	579.654	1468.44	22
147.317	147.317	1363.44	2
191.326	765.305	1388.41	3
882.609	3530.43	1834.54	21
138.546	138.546	1553.26	0
116.026	116.026	1330.52	2
232.547	930.186	1568.68	18
1021.77	2043.54	2216.85	30
100.289	100.289	1340.23	15
353.072	1412.29	1583.25	24
655.595	2622.38	1835.67	33
291.035	1164.14	1355.23	9
175.143	175.143	1372.73	26
559.279	2237.12	1837.31	6
177.318	354.637	1451.99	28
138.99	138.99	1500.38	11
471.183	942.366	1668.84	30
148.007	148.007	1275.54	29
477.721	1910.88	1690.96	33
134.726	269.452	1667.08	27
1436.47	5745.86	1468.63	15
482.27	964.54	1704.94	21
30	634.716	2113.74	1488.05	5324.91	1657.49	2204.06	1094.6	2177.73
310.866	310.866	1491.11	33
1331.23	5324.91	1612.73	30
986.624	1973.25	1449.95	31
552.816	2211.26	1924.21	6
1094.6	1094.6	1565.42	32
2113.74	4227.48	1423.29	21
205.854	205.854	1619.91	24
984.703	1969.41	2203.82	25
175.769	351.538	1334.76	22
744.812	744.812	2204.06	26
149.737	299.474	1663.84	28
176.747	353.493	1438.92	12
507.059	2028.23	1726.64	24
982.455	982.455	2177.73	26
436.273	436.273	1591.46	29
867.52	1735.04	1471.26	21
688.575	2754.3	1850.13	6
707.923	2831.69	1538.97	0
1030.57	2061.13	1476.98	30
900.812	1801.62	2107.16	25
461.66	923.319	1639.13	31
487.157	974.314	1669.34	33
109.999	109.999	1299.88	7
800.99	3203.96	1550.91	21
291.526	583.053	1494.51	24
788.909	3155.64	1875.14	30
396.258	792.516	1557.83	6
311.453	311.453	1541.32	28
129.754	259.508	1665.16	27
315.096	630.192	1558.99	22
30	426.118	1993.14	1113.77	7972.58	1540.55	2179.63	1356.34	1819.84
567.703	2270.81	1850.25	6
440.514	1762.05	1621.82	33
743.618	2974.47	1552.43	30
252.949	252.949	1473.61	25
208.17	208.17	1318.32	29
100.723	201.446	1438.26	15
24.3682	24.3682	1629.43	27
408.693	408.693	1610.28	32
109.01	109.01	1565.13	18
224.55	224.55	1338.93	17
175.769	703.075	1334.76	15
93.4547	186.909	1475.58	21
394.197	788.394	1619.07	25
48.736	97.472	1655.51	24
279.582	279.582	1481.32	29
564.016	2256.06	1597.08	30
287.087	1148.35	1417.27	18
480.36	480.36	1509.49	32
390.62	390.62	2179.63	31
258.854	258.854	1447.13	33
139.352	278.704	1425.07	16
163.019	326.038	1361.14	31
196.468	785.87	1390.33	15
356.234	356.234	1576.27	33
1356.34	2712.68	1819.84	30
470.053	1880.21	1692.78	24
1993.14	7972.58	1434.76	27
35.8042	71.6084	1470.08	1
37.3142	37.3142	1499.55	20
1982.83	3965.66	1431.49	25
30	538.863	1829.95	1470.79	7319.82	1606.83	2179.49	1089.91	1838.95
354.302	1417.21	1500.64	24
659.027	1318.05	1891.43	25
160.718	321.435	2179.49	30
547.784	547.784	1650.7	29
506.68	1013.36	1590.82	19
323.785	1295.14	1493.3	15
25.9397	51.8795	1440.08	10
514.448	514.448	1624.71	32
1023.28	4093.11	1537.2	33
288.294	1153.17	1556.97	6
104.569	104.569	1531.15	20
730.136	2920.54	1838.95	27
120.109	480.436	1561.82	0
862.099	862.099	1553.24	31
450.898	901.796	1672.91	19
1089.91	4359.63	1592.37	30
448.896	1795.58	1574.19	24
675.985	1351.97	1590.44	33
1271.13	2542.26	1614.54	21
1829.95	7319.82	1596.34	15
515.388	1030.78	1709.97	15
67.2671	67.2671	1291.95	19
222.245	444.49	1468.16	18
875.716	1751.43	1835.39	16
328.579	657.157	1557.81	24
117.27	117.27	1438.26	14
736.787	2947.15	1487.8	9
417.432	834.865	1639.07	25
337.2	1348.8	1521.13	0
560.078	560.078	1664.15	20
30	581.77	2685.53	1868.1	10742.1	1588.97	2210.26	1202.21	2005.91
393.833	393.833	1590.41	32
105.5	105.5	1341.69	22
801.639	3206.56	1512.91	33
284.776	1139.1	1262.59	6
180.183	180.183	1408.92	25
101.549	203.098	1409.15	1
1082.24	4328.94	1320.82	21
250.092	250.092	1382.51	20
356.645	1426.58	2210.26	30
443.33	886.66	1543.34	31
809.816	809.816	2005.91	21
782.082	3128.33	1945.94	6
1202.21	4808.82	1643.43	33
105.6	105.6	1548.25	23
472.741	1890.96	1457.59	0
1061.56	4246.24	2032.24	30
1841.6	7366.4	1497.51	24
197.652	197.652	1864.51	26
366.18	732.359	1608.95	22
2685.53	10742.1	1593.63	27
259.57	519.139	1463.23	27
278.633	1114.53	1469.45	33
548.06	2192.24	1542.98	15
194.133	388.266	1490.91	24
106.683	106.683	1308.79	1
152.324	152.324	1409.01	9
147.745	147.745	1339.91	3
747.817	747.817	1973.38	25
724.036	1448.07	1880.96	21
769.34	3077.36	1609.97	30
30	401.913	1389	1107.24	5556	1626.85	2220.39	1001.03	2049.79
183.928	367.855	1645.6	24
544.112	2176.45	1520.66	21
252.538	505.076	1599.36	6
483.529	1934.11	1503.07	0
163.799	163.799	1557.94	16
414.277	414.277	1682.65	29
238.858	955.431	2049.79	30
437.31	437.31	1777.92	26
578.711	2314.85	1394.36	18
444.648	444.648	1647.63	32
128.853	128.853	1345.63	2
189.605	758.42	1364.59	6
179.681	718.722	1403.74	24
101.715	101.715	1893.96	31
388.281	776.563	1609.18	25
479.356	1917.43	1367.89	15
497.772	1991.09	1624.71	21
152.304	609.216	1316.56	3
101.844	203.688	1304.89	30
287.646	1150.58	1434.86	0
489.911	489.911	1685.45	26
1001.03	2002.06	2220.39	24
179.444	717.775	1549.07	15
798.245	3192.98	1993	30
199.572	199.572	1518.72	20
98.2997	98.2997	1369.08	14
121.392	242.783	1667.79	28
415.865	415.865	1612.82	31
1115.87	2231.75	2182.43	33
1389	5556	1961.72	21
30	397.38	1236.3	1208.54	4945.21	1547.35	2121.14	808.842	1929.33
29.5437	59.0874	1475.28	0
568.861	2275.44	2093.27	30
752.884	3011.54	1480.64	18
200.131	800.524	1559.53	24
194.262	777.046	1250.08	6
124.89	124.89	1605.93	20
797.862	3191.45	1500.88	15
722.587	2890.35	1318.84	9
227.313	909.25	1309.12	3
127.222	127.222	1384.36	29
465.529	931.058	1627.16	6
113.389	113.389	1697.15	26
221.864	221.864	1929.33	31
633.999	1268	1899.21	9
107.517	107.517	1298.45	0
152.771	152.771	1652.95	28
391.696	1566.78	1258.6	12
438.072	1752.29	1345.57	3
367.045	734.09	1561.32	30
331.818	1327.27	1512.98	33
102.343	102.343	1279.88	30
223.888	223.888	1506.08	9
713.829	2855.32	1543.94	21
1236.3	4945.21	1487.68	24
553.419	2213.68	1734.05	33
278.668	557.337	1522.54	22
82.2177	328.871	1297.59	0
26.5178	26.5178	1434.01	14
926.124	1852.25	2121.14	31
808.842	808.842	1733.07	32
30	526.898	1466.27	1414.52	5865.06	1662.05	2177.73	1053.99	2160.93
87.9863	351.945	2177.73	30
276.325	1105.3	1260.45	6
735.286	2941.15	1529.42	0
90.8572	181.714	1335.64	3
888.215	3552.86	1742.52	9
633.855	1267.71	1531.09	21
1051.58	4206.34	1921.71	24
567.664	1135.33	1528.03	16
1053.99	2107.99	1605.46	22
442.682	885.363	2054.5	31
413.728	827.457	1600.33	33
530.299	2121.2	1731.49	24
281.533	281.533	2090.31	26
240.184	240.184	1394.75	20
68.3764	136.753	1300.48	25
979.639	1959.28	2175.1	31
157.19	157.19	1337.98	2
336.834	673.668	1352.33	9
237.694	237.694	1480.64	0
1204.17	2408.33	2043.61	21
113.742	227.485	1316.73	21
553.642	1107.28	1731.75	33
150.877	150.877	1366.81	2
966.374	3865.5	1650.32	24
239.755	959.02	1578.59	18
766.654	1533.31	1992.53	25
676.677	1353.35	1838.23	6
1466.27	5865.06	2160.93	30
268.316	268.316	1502.73	26
326.528	326.528	1529.33	31
30	443.286	1510.07	1099.33	3433.5	1575.77	2122.23	871.8	1910.87
634.743	634.743	1894.91	17
25.9158	25.9158	1239.55	7
286.073	572.146	1316.76	21
599.578	2398.31	2099.32	30
318.368	636.736	1562.19	22
265.598	531.196	1374.74	3
297.568	595.136	1422.96	16
79.5278	79.5278	1409.51	9
105.885	423.54	1640.56	24
858.376	3433.5	1691.86	27
485.939	1943.76	1503.73	0
36.7171	36.7171	1242.95	30
504.104	1008.21	2122.23	31
724.838	1449.68	1616.96	33
1510.07	3020.13	1511.28	21
411.179	411.179	1613.12	32
163.735	654.939	1355.06	3
871.8	1743.6	1910.87	25
1333.61	2667.22	1666.88	27
56.3417	56.3417	1394.69	10
125.742	502.97	1331.89	9
188.851	188.851	1862.67	26
646.189	646.189	1826.03	21
214.635	858.538	1498.18	0
403.024	1612.1	1319.58	15
226.372	452.743	1508.52	16
95.9576	383.83	1337.43	6
762.817	3051.27	1535.46	18
415.363	1661.45	1634.43	30
649.659	1299.32	1828.82	31
30	464.431	1601.62	1287.27	6406.49	1573.73	2279.9	834.339	1861.29
113.285	226.569	1627	24
702.342	2809.37	1652.86	21
834.339	1668.68	1363.48	22
420.724	420.724	1790.88	26
271.274	542.549	1580.46	6
602.8	602.8	1713.19	29
167.873	167.873	1345.26	7
272.523	272.523	1461.69	33
399.189	798.379	1287.95	15
1601.62	6406.49	1565.42	30
632.656	632.656	1861.29	25
352.99	705.98	1569.07	30
517.497	517.497	2126.96	31
113.582	454.33	1330.97	33
348.355	1393.42	1485.45	21
338.741	1354.96	1545.23	24
335.789	1343.16	1296.69	27
220.877	220.877	1422.55	19
697.405	697.405	1853	26
187.367	749.467	1409.15	18
65.2277	65.2277	1382.16	4
1290.45	5161.82	2279.9	30
379.82	759.639	1579.18	31
386.536	1546.14	1538.52	21
51.6961	103.392	1289.13	9
417.29	1669.16	1606.56	33
254.609	509.217	1407.7	15
646.496	2585.98	1662.53	6
503.286	1006.57	1512.58	22
806.274	3225.1	1665.1	27
30	548.155	1646.97	1117.74	3293.94	1659.44	2231.15	974.944	2144.93
786.414	1572.83	1651.55	33
537.656	1075.31	2144.93	30
73.2321	292.928	1489.54	0
451.968	903.936	2146.84	31
220.877	441.754	1422.55	19
1646.97	3293.94	1513.84	21
974.944	1949.89	1657.49	22
671.376	1342.75	1855.59	25
1597.8	3195.6	1636.61	24
913.771	1827.54	1899.21	16
383.53	1534.12	1515.7	15
199.572	199.572	1518.72	20
515.352	1030.7	1564.14	22
682.006	682.006	2231.15	26
584.773	1169.55	1858.69	6
52.8006	211.202	1249.22	24
223.567	894.267	1313.64	3
377.844	377.844	1468.14	11
894.787	1789.57	2107.83	21
107.659	107.659	1312.08	19
712.651	712.651	1929.73	21
752.801	3011.2	1916.71	6
229.049	916.196	1425.03	24
228.588	228.588	1583.76	1
462.239	924.478	1665.21	25
431.645	431.645	1634.66	26
398.268	1593.07	1227.83	27
553.82	553.82	1657.19	29
289.699	289.699	1501.99	11
488.999	977.997	1683.59	33
30	498.629	2696.91	1415.13	10787.6	1575.98	2175.1	809.086	1925.82
126.682	506.73	1310.12	9
261.699	523.398	1466.74	33
142.742	570.968	1640.93	27
546.568	2186.27	2147.25	30
263.814	527.627	1429.32	22
309.049	618.097	1371.94	21
532.191	2128.76	1289.05	24
2696.91	10787.6	1398.55	15
1068.79	1068.79	1556.32	32
266.041	532.082	1574.36	6
252.514	1010.06	1424.25	18
736.167	2944.67	1502.02	0
401.555	401.555	1925.82	26
664.57	664.57	1896.53	25
434.676	1738.7	1612.29	30
555.416	1110.83	1659.17	15
389.27	778.54	2175.1	31
210.418	841.672	1365.04	6
469.993	1879.97	1503.29	21
526.493	2105.97	1548.72	33
194.884	194.884	1366.93	25
142.852	571.41	1331.78	6
460.846	921.691	1683.03	27
680.855	1361.71	1888.61	30
732.091	1464.18	1843.26	15
315.755	315.755	1555.29	24
165.416	330.833	1382.64	3
72.8292	72.8292	1332.6	0
528.702	1057.4	1580.71	31
809.086	3236.35	1517.71	18
30	514.62	1983.23	1403.37	7932.94	1566.91	2182.43	1318.85	1966.15
709.931	1419.86	1627.69	24
100.542	402.169	1310.9	33
609.269	2437.08	1541.79	21
1435.81	5743.24	1381.29	30
645.586	2582.34	1532.84	15
1983.23	7932.94	1653.41	18
429.533	859.065	1449.45	31
1318.85	2637.71	2167.82	25
221.025	884.099	1340.25	12
281.232	281.232	1366.93	28
805.49	805.49	2182.43	26
379.151	758.303	1628.34	6
330.892	330.892	1598.71	11
522.318	2089.27	1718.61	18
298.808	1195.23	1593.68	21
307.123	614.247	1308.84	4
236.436	236.436	1482.61	15
119.869	239.737	1297.44	7
496.297	1985.19	1509.32	0
436.797	436.797	1614.3	30
532.965	2131.86	1452.47	6
161.135	161.135	1355.06	3
261.253	1045.01	1503.31	0
386.278	386.278	1580.24	30
399.93	799.861	1577.75	33
125.368	250.736	1365.22	16
771.439	771.439	1966.15	18
315.813	631.626	1607.51	21
411.827	1647.31	1685.52	24
404.392	404.392	1607.4	25
30	459.935	1845.84	1122.05	5891.8	1550.33	2134.19	1102.76	1954.68
367.695	735.39	1560.97	33
342.369	684.739	1993	30
509.071	1018.14	1591.97	31
780.857	780.857	1273.23	32
1845.84	3691.68	2134.19	25
116.939	233.877	1314.44	6
11.8653	23.7305	1447.93	1
147.689	147.689	1657.09	28
1472.95	5891.8	1500.08	21
199.913	199.913	1516.83	24
163.649	163.649	1460.18	29
62.0327	62.0327	1412.07	5
600.934	600.934	1724.97	21
457.046	914.093	1676.42	25
468.353	468.353	1527.27	30
790.781	3163.13	1954.68	6
546.511	1093.02	1421.12	31
645.586	2582.34	1532.84	15
173.592	347.183	1405.92	24
295.764	1183.05	1493.22	33
184.265	184.265	1347.77	24
56.7557	56.7557	1263.83	1
320.826	1283.3	1540.52	33
289.367	289.367	1476.22	11
913.771	1827.54	1899.21	16
237.953	237.953	1427.32	28
126.162	252.324	1365.64	15
180.65	361.3	1511.83	13
386.098	772.195	1579.12	25
1102.76	4411.03	1500.08	21
30	610.735	2152.07	1670.94	8608.28	1613.18	2212.08	1640.55	1969.18
259.475	259.475	1493.47	25
249.084	249.084	1505.23	17
121.642	486.567	1599.71	24
275.493	275.493	1480.72	33
176.175	176.175	1374.01	32
571.452	2285.81	1875.03	30
468.819	468.819	1592.19	26
455.612	911.224	1505.71	28
215.404	430.809	1580.93	21
166.811	333.623	1658.17	27
576.284	1152.57	1770.93	30
547.415	1094.83	1969.18	31
800.943	3203.77	1892.7	33
358.448	1433.79	1564.61	24
1261.74	5046.97	2196.93	27
2152.07	8608.28	1600.13	21
1893.66	7574.64	2212.08	12
969.286	1938.57	1598.91	25
599.457	599.457	1856.31	17
144.13	144.13	1360.67	2
114.647	229.293	1279.29	22
307.962	615.925	1503.58	27
127.366	254.732	1323.43	21
748.912	2995.65	1654.6	30
179.178	358.355	1389.62	3
1097.47	2194.95	1527.74	31
563.265	1126.53	1537.63	16
160.933	160.933	1327.6	12
1118.36	2236.73	1605.54	33
1640.55	3281.1	1558.84	25
30	481.078	1323.9	1249.86	5295.6	1592.97	2221.66	1142.07	2177.94
344.988	344.988	1577.66	25
396.777	793.555	1589.41	33
204.808	819.23	1486.36	18
323.479	646.958	1451.88	16
775.006	3100.02	1812.29	30
1142.07	4568.26	1270.32	21
449.163	449.163	1709.92	31
1015.83	2031.66	1877.87	0
480.363	480.363	1590.7	32
810.76	1621.52	1513.95	15
295.415	1181.66	1410	0
422.867	422.867	2212.97	26
172.779	691.114	1366.44	3
254.362	1017.45	1448.05	33
691.227	2764.91	1776.55	21
142.02	142.02	1496.51	12
1149.87	4599.49	1724.97	24
404.462	808.924	1616.27	31
246.374	985.494	1361.74	15
1094.84	1094.84	2177.94	32
84.4008	168.802	1446.29	10
87.976	87.976	1450.95	20
112.917	225.833	1320.12	31
413.058	413.058	1647.51	25
336.411	672.821	1518.95	30
275.79	551.58	1448.59	0
178.36	713.439	1291.77	6
283.88	283.88	1397.9	15
518.205	518.205	1573.43	21
1323.9	5295.6	2221.66	24
30	427.359	957.605	1006.89	3207.41	1541.75	2077.88	801.853	1964.34
72.0322	288.129	1357.26	6
70.262	70.262	1338.64	3
698.751	2795	1536.48	24
220.687	441.373	1465.85	21
497.317	994.633	1773.05	31
674.211	1348.42	1237.58	22
613.37	613.37	1827.62	5
402.948	1611.79	1286.82	9
414.417	1657.67	1318.71	15
801.853	3207.41	1632.96	27
202.124	202.124	1419.4	11
76.4781	305.912	1373.04	21
255.346	1021.38	1463.05	33
800.379	3201.51	1964.34	6
234.334	234.334	1493.68	20
341.628	341.628	1594.73	17
194.133	194.133	1490.91	22
542.138	542.138	1644.97	27
557.932	1115.86	2077.88	30
928.111	1856.22	1569.91	31
681.292	1362.58	1305.5	30
957.605	1915.21	2043.44	24
366.091	366.091	1512.72	21
273.355	546.709	1515.55	15
344.857	1379.43	1399.02	18
280.414	280.414	1477.93	25
446.66	893.32	1710.78	22
547.559	1095.12	1650.72	27
197.456	197.456	1406.1	13
127.036	127.036	1363.92	20
30	462.819	1371.09	1141.21	4371.86	1607.39	2346.47	1056.97	2095.39
175.771	175.771	1392.57	2
262.155	1048.62	1256.81	15
331.657	663.315	1512.27	24
328.909	1315.64	1533.23	27
155.262	155.262	2121.14	30
192.622	192.622	1346.92	22
229.499	229.499	1493.98	21
411.949	411.949	1683.56	29
590.612	1181.22	1597.76	25
282.319	564.638	1481.34	33
541.952	2167.81	1755.8	33
649.291	2597.16	1664.41	27
315.015	1260.06	1390.33	15
117.177	117.177	1667.26	28
532.554	2130.22	1312.36	18
656.886	2627.55	1572.82	21
541.46	541.46	1644.43	24
1092.96	4371.86	1528.56	0
1056.97	4227.89	1573.99	30
558.413	1116.83	1538.97	16
389.383	1557.53	1609.62	12
219.549	219.549	1608.89	11
128.652	128.652	1680.51	31
223.091	223.091	1406.67	8
370.167	1480.67	1578.33	24
488.992	488.992	1652.95	21
736.934	736.934	2346.47	26
889.261	889.261	2095.39	30
44.0027	44.0027	1373.98	5
1371.09	1371.09	1800.48	32
30	582.645	2695.03	1816.75	10780.1	1573.51	2169.36	952.771	1856.87
586.11	586.11	1856.87	6
952.771	3811.08	1503.58	21
335.325	670.65	1514.83	33
733.104	2932.42	1851.86	27
816.412	816.412	1276.85	32
380.128	760.257	1429.16	31
694.403	2777.61	1485.45	24
748.663	1497.33	1696.73	30
2695.03	10780.1	1705.45	15
72.2296	144.459	1280.41	19
341.492	341.492	1594.67	17
229.345	917.381	1429.87	21
948.411	1896.82	2169.36	25
403.05	403.05	1449.14	26
652.897	2611.59	1847.47	30
505.907	2023.63	1635.69	24
117.294	234.588	1276.32	9
740.869	2963.48	1534.8	0
779.797	3119.19	1943.7	6
62.1671	62.1671	1651.05	28
80.6494	322.597	1505.01	18
127.324	127.324	1246.51	0
446.993	893.986	1574.47	21
129.71	129.71	1332.12	24
524.766	2099.06	1576.48	12
597.958	2391.83	1733.5	30
480.55	480.55	1682.96	31
728.344	2913.38	1435.39	6
1408.87	5635.47	1609.98	9
158.789	158.789	1375.59	2
30	598.387	2398.94	1669.34	9175.71	1609	2221.66	1807.01	2177.16
236.352	236.352	1578.21	31
150.787	301.574	2177.16	30
131.902	131.902	1298.31	7
603.917	2415.67	1485.43	24
733.871	1467.74	1397.26	33
104.624	104.624	1253.23	29
1021.77	4087.08	1745.66	21
1807.01	7228.03	1527.29	27
2398.94	4797.89	1597.74	25
2293.93	9175.71	2178.86	12
311.312	311.312	1507.59	12
537.691	2150.76	1668.89	24
10.5417	21.0833	1416.97	6
425.911	1703.65	1628.71	21
187.75	187.75	1379.87	8
232.054	464.107	1442.56	28
339.852	339.852	1891.19	26
155.487	621.949	1306.07	3
509.034	509.034	1658.43	11
692.802	1385.6	1344.92	13
654.706	654.706	1952.21	5
296.969	593.938	1518.15	21
1002.52	2005.04	2221.66	13
959.597	1919.19	2155.05	12
232.003	928.011	1462.4	15
142.084	142.084	1358.88	2
38.4465	153.786	1214.21	6
369.629	1478.51	1571.94	27
458.533	917.065	1681.28	28
911.58	3646.32	1649.95	30
30	456.845	1459.84	1080.09	5839.35	1646.46	2213.01	1110.75	2167.76
258.135	258.135	1521.45	17
225.123	450.246	1590.52	21
438.658	877.316	1596.29	24
434.676	1738.7	1612.29	33
381.903	763.806	2167.76	30
296.13	296.13	1498.98	32
497.397	994.795	2070.26	31
421.171	421.171	2213.01	26
1249.73	2499.47	1633.86	22
1459.84	5839.35	1900.28	27
638.996	1277.99	1833.54	22
767.01	3068.04	1962.46	27
209.901	839.605	1317.67	12
147.745	147.745	1339.91	3
480.499	480.499	1683.46	32
104.624	104.624	1253.23	24
315.507	631.013	1487.94	21
1110.75	1110.75	2183.36	31
23.951	47.9021	1441.74	10
481.107	962.214	1665.45	33
321.518	321.518	1533.85	25
348.638	697.276	1549.79	22
340.367	680.733	1618.25	6
359.562	719.124	1550.59	30
302.322	1209.29	1494.05	12
601.38	2405.52	1620.05	3
132.852	265.705	1339.53	10
649.141	649.141	1947.63	5
615.779	2463.12	1513.17	18
90.9186	181.837	1253.36	7
30	542.517	1744.63	1448.87	6978.52	1674.3	2182.69	1303.96	2075.93
559.515	2238.06	2065.69	30
394.478	394.478	1876.99	26
863.726	3454.9	2075.93	33
1668.1	6672.39	2182.69	24
122.147	122.147	1750.62	31
365.102	730.205	1585.72	25
703.959	2815.83	1654.73	21
1303.96	5215.85	1641.62	15
181.912	181.912	1527.05	20
1744.63	6978.52	2181.37	27
147.695	147.695	1662.53	28
57.4973	229.989	1442.08	12
350.916	701.833	1545.67	27
432.978	432.978	1545.09	15
621.032	621.032	1883.15	21
59.5948	238.379	1367.91	6
165.01	165.01	1348.47	30
299.086	299.086	1501.04	33
318.485	318.485	1576.21	23
290.38	290.38	1494.55	19
63.6963	127.393	1279.91	30
465.087	465.087	1688.22	25
794.154	1588.31	1963.39	4
580.312	2321.25	1499.29	18
580.554	2322.22	1761.68	33
632.834	632.834	1844.24	5
417.025	1668.1	1337.95	9
447.083	447.083	1669.49	28
585.471	585.471	1701.8	15
1059.09	1059.09	1573.82	21
30	651.331	2493.78	1523.35	9975.11	1580.65	2120.6	1559.78	1869.68
879.492	1758.98	1667.08	33
148.873	595.494	1289.08	6
1184.33	2368.67	1587.48	31
493.862	493.862	1749.48	29
621.058	2484.23	1640.99	24
187.693	375.386	1355.45	4
128.755	128.755	1379.11	16
244.405	244.405	1551.61	21
757.591	757.591	1730.69	30
814.898	814.898	1561.07	32
196.569	393.139	1408.8	24
230.048	460.097	1430.33	30
578.51	2314.04	1673.12	21
25.9397	25.9397	1440.08	10
297.681	595.362	1481.95	31
820.002	820.002	2015.66	33
1559.78	3119.55	1495.69	25
2493.78	9975.11	1389.21	27
1028.49	2056.97	1537.28	22
2191.15	4382.3	2120.6	28
512.901	1025.8	1726.88	27
550.909	550.909	1653.98	22
336.977	1347.91	1544.2	6
177.237	708.949	1324.69	12
229.078	458.157	1512.22	16
427.01	1708.04	1340.23	15
601.699	601.699	1819.84	28
675.067	1350.13	1869.68	25
400.2	800.401	1591.45	30
745.955	2983.82	1531.58	0
30	661.152	2709.73	2087.99	10838.9	1657.21	2211.71	1760.34	2155.05
959.989	3839.96	1694.95	33
916.69	3666.76	1617.34	21
132.889	132.889	1408.69	20
328.674	657.349	1609.62	27
572.849	2291.4	2066.99	30
370.61	741.22	2155.05	31
338.119	338.119	1667.38	24
2491.53	9966.1	1258.1	15
24.3729	48.7457	1438.14	1
214.986	214.986	1407.44	29
314.179	628.359	1509.77	21
132.766	531.063	1428.49	24
508.142	508.142	1721.78	15
290.918	1163.67	1548.62	6
231.994	231.994	1471.76	17
586.948	1173.9	1786.52	30
895.27	3581.08	1678.78	33
368.065	736.131	1566.36	31
390.216	390.216	1640.68	20
992.404	1984.81	2211.71	25
966.462	1932.92	2161.5	21
291.169	1164.68	1489.67	30
128.137	512.548	1325.63	15
279.459	558.918	1523.75	22
1760.34	7041.36	2101.52	24
908.94	3635.76	1332.12	33
799.679	3198.72	1605.21	0
781.328	781.328	1977.62	31
2709.73	10838.9	1648.71	18
147.695	147.695	1662.53	28
30	456.607	1370.49	1219.61	5481.98	1617.25	2232.19	1037.1	2015.65
107.303	107.303	1457.75	12
127.324	127.324	1246.51	17
249.926	249.926	1490.96	29
378.654	1514.61	1888.95	30
1082.77	4331.1	2181.86	33
262.891	525.782	1505.71	24
758.486	3033.95	1727.88	21
98.2454	392.982	1576.48	18
253.746	1014.98	1342.2	15
214.907	429.814	2006.11	31
108.642	217.284	1313.13	15
577.659	2310.64	1508.88	21
262.052	262.052	1429	29
70.6008	70.6008	1270.73	17
1370.49	5481.98	1801.64	30
348.638	697.276	1549.79	31
696.758	2787.03	1506.24	0
84.9763	169.953	1365.04	6
91.6396	91.6396	1313.22	8
643.33	1286.66	1776.4	24
461.544	1846.17	1663.37	33
792.206	1584.41	2015.65	25
1037.1	2074.19	2232.19	31
165.108	165.108	1385.87	1
138.354	138.354	1673.18	26
356.071	1424.28	1559.53	15
867.925	867.925	1777.95	24
794.159	1588.32	1614.76	28
499.962	999.924	1707.28	30
796.726	796.726	1629.28	27
30	479.394	2007.51	1189.26	4015.01	1590.32	2181.84	986.422	1948.15
321.093	321.093	1558.35	17
477.086	1908.35	1948.15	30
168.965	337.931	1667.39	24
176.651	353.302	1546.6	27
133.029	133.029	1332.76	32
438.79	438.79	1476.25	31
364.134	1456.54	1584.06	33
424.325	424.325	2033.33	26
366.34	732.679	1587	25
279.653	279.653	1551.48	6
300.947	1203.79	1483.23	33
794.735	3178.94	1840	30
94.3338	94.3338	1269.65	6
165.026	330.052	1237.93	9
1091.02	1091.02	1593.29	26
986.422	1972.84	2181.84	31
2007.51	4015.01	1660.81	24
982.365	3929.46	1389.76	21
643.33	1286.66	1776.4	25
435.615	435.615	1635.69	32
205.658	205.658	1411.28	22
364.2	1456.8	1565.5	21
107.954	215.908	1289.47	7
497.525	1990.1	1678.11	6
626.546	2506.18	1761.47	24
363.787	363.787	1559.81	31
146.58	586.319	1303.31	3
796.584	3186.34	1594.73	0
551.629	1103.26	1654.91	25
69.9776	139.955	1536.87	28
30	612.931	2523.69	1814.24	10094.8	1592.64	2193.23	1515.86	2096.62
722.81	2891.24	1539.43	21
295.854	295.854	1501.25	33
538.317	1076.63	1768.1	25
496.664	1986.65	1438.01	24
593.684	593.684	1966.02	6
256.437	512.875	1488.85	22
618.434	1236.87	1570.93	15
271.08	1084.32	2063.97	30
1515.86	6063.44	1635.86	27
166.999	166.999	1391.02	23
417.355	1669.42	1649.93	21
737.849	2951.39	1347.55	24
257.763	257.763	1459.16	19
289.936	289.936	1469.79	33
591.5	1183	1498.82	31
72.2522	72.2522	1236.9	25
644.258	644.258	1655.68	27
1121.12	2242.23	2136.61	30
1790.01	7160.03	1669.36	15
2523.69	10094.8	1320.12	18
122.904	122.904	1289.02	24
218.144	872.578	1541.65	0
416.765	416.765	1619.79	15
884.61	1769.22	2096.62	18
97.1932	97.1932	1310.66	27
594.573	2378.29	1444.59	21
1173.06	4692.26	2193.23	30
71.279	71.279	1414.02	16
645.638	1291.28	1503.35	9
241.902	241.902	1558.99	1
30	408.225	1369.72	796.382	3249.02	1577.35	2204.06	812.256	1935.07
155.118	310.235	1358.12	19
151.017	151.017	1368.85	3
33.7221	67.4441	1827.71	31
542.244	2168.98	1495.71	0
75.8219	75.8219	1530.32	16
185.722	742.889	1502.15	12
706.099	1412.2	1657.04	21
400.368	400.368	1593.25	33
110.082	110.082	1581.62	20
812.256	3249.02	1408.78	24
61.5644	246.258	1372.08	6
596.702	1193.4	2100.59	30
126.877	126.877	1389.75	15
409.529	819.058	1587.02	33
687.573	2750.29	1391.39	21
275.177	550.354	1451.62	22
1292.26	1292.26	1731.75	31
1369.72	2739.43	1555.57	24
114.358	114.358	1595.14	18
92.2562	184.512	1301.95	4
367.12	734.239	1554.19	24
234.865	234.865	1474.78	0
406.721	406.721	1609.75	21
744.812	744.812	2204.06	26
158.581	158.581	1655.63	28
145.872	145.872	1361.68	2
321.787	321.787	1516.74	32
555.968	555.968	1659.58	29
771.176	1542.35	1935.07	6
341.391	341.391	1548.69	25
30	443.659	1855.18	1107.53	7420.7	1618.44	2215.82	818.452	2013.17
17.699	17.699	1225.75	19
116.617	116.617	1667.01	28
665.468	2661.87	1734.64	24
415.639	415.639	1821.63	26
687.491	2749.97	1516.46	0
745.147	2980.59	1672.39	21
545.248	2180.99	2116.88	30
331.692	663.384	1559.35	22
458.932	458.932	1661.54	32
397.104	794.209	1590.5	33
250.913	1003.65	1438.05	30
512.219	1024.44	1610.34	21
219.704	219.704	1502.81	29
159.239	636.954	1306.66	3
375.677	375.677	1711.21	31
264.808	1059.23	1520.45	15
90.0607	180.121	1280	19
604.464	604.464	1800.55	26
194.027	388.054	1525.4	27
162.383	162.383	1324.4	22
476.561	476.561	1593.45	29
601.35	601.35	1833.84	24
818.452	818.452	2013.17	21
71.8549	71.8549	1288.62	25
934.847	1869.69	1569.39	22
637.124	637.124	1895.64	0
54.5968	54.5968	1489.94	20
215.593	862.371	1420.77	30
429.685	1718.74	1646.61	33
1855.18	7420.7	2215.82	27
30	429.37	1162.17	1141.2	4648.68	1532.94	2179.39	912.547	1756.27
317.629	1270.52	1504.15	24
538.373	2153.49	1756.27	33
54.2649	54.2649	1216.68	8
753.288	3013.15	1587	27
579.1	2316.4	1949.25	6
800.827	1601.65	1713.19	21
151.364	151.364	2179.39	30
830.135	3320.54	1666.37	12
181.694	181.694	1580.62	11
163.204	652.815	1420.82	9
355.267	710.534	1571.44	33
313.671	1254.68	1207.12	18
531.976	2127.91	1565.79	12
1162.17	4648.68	1591.72	30
954.234	954.234	1477.89	31
619.534	619.534	1420.77	32
352.58	705.16	1353.42	4
329.035	1316.14	1369.18	15
263.64	527.279	1557.64	21
912.547	1825.09	1455.77	22
151.582	151.582	1368.37	2
645.633	1291.27	1728.1	21
54.6654	54.6654	1354.17	13
388.212	388.212	1718.23	26
227.818	227.818	1524.96	22
336.321	1345.28	1509.13	24
387.326	387.326	1607.42	30
154.861	154.861	1312.11	16
216.937	216.937	1424.41	18
153.205	612.82	1296.92	3
30	368.259	2399.4	899.945	4798.81	1502.89	2225.19	586.887	1866.93
224.694	898.775	1333.93	21
921.174	1842.35	1540.95	31
547.346	2189.38	1502.42	0
547.112	547.112	1866.93	30
29.3121	29.3121	1251.41	22
154.864	309.729	1317.67	7
257.965	515.929	1347.22	3
233.181	466.361	1361.74	16
168.125	672.501	1660.82	27
586.887	2347.55	1961.35	6
404.313	808.627	1604.47	30
292.636	292.636	1495.69	31
305.687	611.373	1487.51	19
259.475	1037.9	1493.47	27
128.853	257.706	1345.63	3
362.013	1448.05	1540.77	33
142.03	284.061	1330.53	21
511.412	2045.65	1562.69	24
2399.4	4798.81	1589.4	25
338.025	676.05	1580.93	22
17.5808	17.5808	1508.91	12
162.672	162.672	1358.52	30
388.683	1554.73	1309.81	3
82.2177	82.2177	1297.59	2
146.957	146.957	1322.93	7
137.29	137.29	1353.59	6
184.567	369.133	1412.4	28
235.925	235.925	1465.06	14
444.864	1779.45	1657.04	33
432.518	432.518	2225.19	26
30	544.786	1610.73	1650.52	6442.92	1613.22	2216.69	1451.51	2176.55
538.765	538.765	1642.06	29
310.388	1241.55	1320.64	6
289.406	1157.62	1505.5	24
258.166	1032.66	1289.07	15
160.199	160.199	1361.03	22
164.538	658.153	1460.92	18
253.168	253.168	1513.95	17
356.379	356.379	2216.69	30
656.949	2627.8	1533.2	21
165.108	330.217	1385.87	1
141.792	141.792	1326.5	7
411.208	411.208	1633.19	23
100.723	201.446	1438.26	18
987.892	3951.57	2206.87	30
138.182	138.182	1344.71	3
441.142	441.142	1690.22	21
402.036	402.036	1758.45	26
179.799	179.799	1344.92	25
551.5	2206	1507.51	0
586.256	1172.51	2142	31
133.173	133.173	1309.73	23
215.24	430.481	1456.52	24
1096.73	4386.91	2176.55	33
424.048	848.097	1706.36	21
976.863	1953.73	1657.82	15
1451.51	5806.05	1609.36	30
727.342	1454.68	1612.39	31
1044.21	4176.83	1883.52	27
1570.13	6280.52	1610.54	18
1610.73	6442.92	1752.14	12
30	545.008	1793.01	1327.05	4935.82	1675.59	2232.72	1098.66	2108.25
407.898	815.795	1748.83	31
142.31	142.31	1587.42	0
345.837	691.674	1978.77	30
115.66	231.319	1413.96	16
197.294	197.294	1362.48	25
738.411	1476.82	1614.29	33
1233.95	4935.82	1319.91	21
1081.45	4325.79	1660.99	24
458.021	458.021	1784.97	26
212.426	424.851	1358.63	3
755.663	3022.65	1950.3	21
306.177	1224.71	1515.72	24
325.543	1302.17	1520.1	30
323.643	323.643	1526.54	26
1098.66	4394.65	2232.72	33
400.368	800.736	1593.25	31
872.859	872.859	2068.49	32
562.59	562.59	1935.07	6
160.359	320.717	1429.66	18
1793.01	3586.03	2108.25	25
257.919	515.838	1436.55	15
994.124	1988.25	2213.08	33
931.69	1863.38	1794.77	28
462.399	924.798	1668.89	18
526.762	526.762	1728.75	21
244.207	244.207	1578.71	11
202.885	202.885	1570.52	1
452.48	452.48	1652.95	26
421.645	1686.58	1585.45	6
323.99	1295.96	1327.6	27
30	578.419	1822.67	1695.04	7290.69	1574.4	2182.95	1191.27	1906.19
238.211	238.211	1483.54	17
234.633	469.266	1541.59	21
843.311	3373.24	1504.82	24
109.579	109.579	1298.2	25
295.463	590.926	1538.92	22
235.575	942.301	1450.54	18
517.451	1034.9	1404.57	15
897.553	3590.21	1815.28	30
1064.96	4259.84	1906.19	27
426.608	426.608	1665.46	29
229.249	458.498	1511.43	18
297.18	594.36	1240.65	16
413.058	1652.23	1647.51	27
713.266	1426.53	1365.9	33
395.6	791.201	2182.95	31
1191.27	4765.1	1733.32	24
1714.59	3429.19	1491.11	30
135.145	135.145	1350.23	14
525.689	2102.76	1589.8	12
1822.67	7290.69	1653.96	15
169.555	339.111	1448.21	4
356.076	1424.31	1397.07	6
581.401	1162.8	1688.24	27
981.375	3925.5	2176.84	15
331.19	331.19	1510.78	30
1173.36	1173.36	1602.76	24
746.334	2985.34	1656	33
328.394	1313.57	1549.07	0
131.408	262.817	1332.51	31
252.411	252.411	1494.48	16
30	503.954	1515.57	1021.62	3031.14	1619.65	2211.46	1086.68	2137.98
210.199	840.796	1426.66	33
276.363	552.727	1468.14	25
412.185	824.37	1496.6	16
1086.68	2173.36	1926.89	0
1038.6	2077.2	1454.19	31
604.656	604.656	1763.16	32
1515.57	3031.14	1495.18	30
105.751	211.502	1589.64	27
268.736	268.736	1521.95	17
149.56	149.56	1654.32	28
83.6352	167.27	1411.76	9
223.112	223.112	1473.38	23
926.148	1852.3	2137.98	30
408.455	1633.82	1381.29	21
507.056	2028.23	1670.43	27
603.345	2413.38	1870.1	0
215.834	215.834	1499.38	16
162.829	162.829	1414.83	14
64.3417	64.3417	1506.07	15
182.744	730.977	1349.79	3
362.032	1448.13	1588.54	21
469.441	938.882	1632.84	25
289.139	289.139	1534.27	29
796.983	796.983	1868.03	26
523.837	1047.67	1479.56	30
1059.45	2118.91	1704.9	31
1219.15	1219.15	2196.93	33
219.323	438.645	1502.89	0
991.639	1983.28	2211.46	27
141.828	141.828	1358.37	2
30	428.638	833.534	1115.17	3334.14	1624.29	2042.99	755.979	1933.41
413.507	1654.03	1622.65	24
830.741	1661.48	1724.97	21
166.67	333.341	1933.41	31
195.645	782.579	1370.58	3
262.103	262.103	1466.33	19
252.563	252.563	1493.77	17
441.235	441.235	1486.5	16
223.276	446.553	1614.74	27
55.8633	111.727	1269.94	33
512.698	2050.79	2042.99	30
298.918	597.836	1542.65	22
671.895	2687.58	1851.01	33
310.22	310.22	1512.91	30
258.945	258.945	1639.66	26
414.855	414.855	1593.1	31
525.55	1051.1	1484.93	21
271.204	271.204	1529.29	16
569.583	2278.33	1939.49	6
377.076	1508.3	1593.1	24
541.106	2164.42	1609.3	27
175.769	703.075	1334.76	21
591.563	591.563	1814.27	24
95.6988	95.6988	1306.76	2
331.913	331.913	1574.36	5
469.866	469.866	1671.65	30
833.534	3334.14	1694.06	27
736.465	2945.86	1898.77	6
755.979	1511.96	1783.67	33
583.446	1166.89	1812.29	25
691.247	2764.99	1516.83	12
30	465.368	1599.06	1155.83	4840.66	1563.33	1936.81	772.896	1776.55
542.756	1085.51	1826.31	6
431.658	431.658	1776.55	26
425.323	850.646	1613.04	33
228.195	228.195	1474.33	22
215.701	215.701	1429.37	25
142.573	142.573	1306.1	7
734.645	1469.29	1551.18	21
460.557	460.557	1747.33	29
139.308	557.23	1317.8	3
1210.17	4840.66	1740.66	24
171.888	171.888	1618.44	11
469.298	938.595	1672.28	24
29.5936	59.1872	1474.39	16
562.568	2250.27	1531.68	21
407.513	407.513	1610.54	26
344.29	688.58	1559.1	33
686.716	1373.43	1647.08	25
667.362	1334.72	1584.92	31
1599.06	3198.11	1553.94	30
772.896	3091.58	1936.81	6
93.5343	187.069	1260.72	6
219.379	438.758	1501.65	16
167.495	669.978	1666.21	27
92.1928	184.386	1440.09	10
735.579	2942.32	1519.93	12
751.789	3007.15	1652.29	24
727.11	1454.22	1618.93	30
157.626	630.503	1406.3	9
590.428	1180.86	1431.41	28
183.858	183.858	1430.53	13
30	603.608	1752.4	1593.23	6718.13	1573.2	2179.63	1054.14	1901.89
725.103	2900.41	1600.76	21
288.294	1153.17	1556.97	6
511.34	2045.36	1724.9	33
223.132	446.264	1625.03	31
821.544	3286.18	1813.99	0
149.984	149.984	1429.43	23
724.676	1449.35	1628.17	30
259.475	259.475	1493.47	25
161.418	322.836	1454.75	15
800.834	800.834	1232	32
419.432	1677.73	1597.05	33
392.93	1571.72	1554.48	6
332.858	665.716	1420.23	16
772.883	1545.77	1510.26	18
150.96	301.921	1382.3	15
855.363	1710.73	1459.8	30
972.681	3890.73	1650.23	21
594.072	1188.14	1400.97	1
665.907	1331.81	1531.09	31
750.005	750.005	1586.84	29
392.734	1570.93	1586.96	30
322.633	322.633	1613.83	21
741.75	2967	1227.68	33
331.337	662.675	1579.23	1
710.82	710.82	1901.89	5
1679.53	6718.13	2179.63	24
1752.4	3504.81	2081.24	31
1054.14	2108.28	1505.56	25
341.739	1366.96	1511.03	15
208.271	416.542	1356.09	3
30	393.327	1697.8	1059.49	6791.18	1560.77	2217.27	897.607	1887.35
146.992	146.992	1581.06	0
58.2619	58.2619	1501.86	15
458.58	1834.32	1715.81	24
187.045	748.182	1502.12	18
295.234	295.234	1504.14	33
265.819	531.638	1572.66	6
117.891	235.782	1662.32	28
220.809	441.619	1556.32	21
497.023	497.023	1699.32	32
211.708	423.416	1519.22	13
435.938	871.875	1512.16	16
110.927	221.853	1274.63	6
454.038	1816.15	1983.36	30
83.9561	335.824	1318	9
489.369	978.738	1712.1	25
213.76	427.519	1429.1	33
27.0335	27.0335	1257.04	17
1697.8	6791.18	1353.07	24
1196.59	4786.37	1667.07	15
242.093	242.093	1503.33	14
426.299	1705.19	1620.87	30
139.863	279.726	1323.81	7
48.8041	48.8041	1331.89	3
533.633	533.633	1813.99	16
665.31	1330.62	2217.27	31
365.346	365.346	1568.14	33
897.607	3590.43	1887.35	15
312.974	625.948	1389.19	4
800.834	800.834	1232	32
198.269	793.076	1613.9	27
30	438.45	2008.98	1249.37	8035.94	1569.2	2234.23	686.478	1838.95
379.82	1519.28	1579.18	33
613.191	2452.76	1620.87	24
381.516	763.031	1578.71	27
541.003	2164.01	1496.4	0
240.854	240.854	1443.32	32
259.282	259.282	1525.63	17
686.478	2745.91	1641.62	21
675.919	2703.68	1562.83	15
348.3	348.3	1319.05	16
354.429	708.858	1566.28	25
49.1748	196.699	1335.38	21
344.976	1379.91	2141.84	30
649.383	2597.53	1502.45	18
213.072	213.072	1496.59	16
150.404	150.404	1331.12	33
392.672	1570.69	1339.8	12
565.434	565.434	1838.95	6
187.567	187.567	1421.49	15
496.396	1985.59	1660.16	24
2008.98	8035.94	1481.96	27
217.197	217.197	1498.62	1
494.93	494.93	2234.23	31
430.873	430.873	1650.92	27
465.24	1860.96	1687.93	24
212.319	424.639	1414.83	15
150.976	301.952	1665.44	28
196.99	787.958	1312.68	18
502.61	502.61	1697.52	32
700.886	700.886	1581.77	33
242.61	970.44	1448.44	6
30	503.544	1270.63	1318.47	5066.36	1614.43	2301.76	1106.52	2175.93
446.698	446.698	2109.24	31
512.702	2050.81	1627.57	24
426.436	426.436	1606.57	33
328.674	1314.7	1609.62	27
151.833	607.331	2179.89	30
437.433	1749.73	1455.21	15
1266.59	5066.36	1645.9	21
1270.63	2541.27	1654.45	22
814.62	814.62	1754.2	32
1045.12	2090.23	1312.86	25
596.121	2384.49	1668.75	27
283.433	566.866	1478.77	31
251.148	502.296	1437.11	15
508.726	2034.91	1593.84	12
186.619	186.619	1352.33	23
30.4847	30.4847	1397.15	6
44.5233	44.5233	1633.67	28
546.953	2187.81	1649.75	24
645.28	1290.56	1345.74	13
535.069	535.069	1737.14	21
420.847	1683.39	1434.11	18
980.79	3923.16	2175.93	21
143.99	143.99	1351.54	31
380.509	761.018	1573.99	33
53.2854	53.2854	1365.78	4
1106.52	4426.1	2301.76	30
212.485	212.485	1494.76	17
559.244	559.244	1773.64	32
73.448	73.448	1308.93	24
846.1	846.1	1402.6	22
30	410.703	1308.49	893.954	4251.83	1587.11	2214.83	995.087	1971.75
321.989	321.989	1574.8	17
327.9	327.9	1573.95	29
598.904	2395.62	1971.75	6
111.648	111.648	1266.13	22
32.2747	64.5494	1486.54	16
472.82	945.64	1360.58	21
695.377	1390.75	1497.34	31
1062.96	4251.83	1644.76	24
207.286	207.286	1404.16	33
1308.49	2616.97	1648.92	15
125.691	502.765	1408.12	9
180.276	180.276	1426.42	22
322.232	322.232	1554.99	25
513.458	513.458	1708.36	31
516.505	1033.01	1730.69	33
149.89	149.89	2176.05	30
483.45	1933.8	1600.76	15
198.293	396.585	1534.21	18
176.651	176.651	1546.6	27
633.766	633.766	1893.33	16
544.891	1089.78	1739.44	30
223.865	223.865	1434.69	33
232.715	930.862	1420.6	18
195.799	391.597	1311.5	16
521.718	1043.44	1472.7	22
201.985	201.985	1404.69	31
364.2	364.2	1565.5	32
501.707	2006.83	1665.49	27
99.2772	99.2772	1375.28	15
995.087	1990.17	2214.83	25
30	458.888	1872.71	1137.48	7490.83	1584.04	2096.92	1332.25	1950.13
341.908	683.815	1428.67	16
104.125	416.499	1438.22	12
223.322	446.644	1523.12	21
125.979	125.979	1280.29	22
376.237	376.237	1625.47	6
240.86	240.86	1473.16	24
528.24	2112.96	1712.26	33
265.024	530.049	1339.25	4
130.604	130.604	1450.85	15
1545.75	6183	1495.7	30
293.76	293.76	1477.89	30
1872.71	7490.83	1589.4	33
1332.25	5328.99	2096.92	24
415.907	415.907	1618.93	32
643.463	643.463	1939.83	5
163.037	652.149	1297.44	3
370.454	370.454	1656.48	29
792.528	792.528	1956.23	4
577.941	577.941	1835.6	16
128.685	128.685	1676.86	28
218.94	218.94	1342.3	29
167.339	334.678	1364.41	21
659.862	2639.45	1373.72	24
690.375	690.375	1950.13	16
112.92	225.84	1400.96	9
141.153	282.305	1427.62	18
163.587	163.587	1665.37	27
221.193	442.386	1459.64	22
266.962	533.924	1756.27	31
651.531	651.531	1868.17	30
30	455.103	1186.13	927.541	2447.65	1609.05	2215.01	979.818	2148.96
310.176	620.352	1679.93	31
309.068	1236.27	1474.55	24
294.657	589.315	2045.06	30
790.372	1580.74	1641.13	21
169.182	169.182	1428.43	23
421.295	421.295	1624.29	32
1150.67	2301.33	2166.81	25
957.85	1915.7	1443.85	22
560.41	1120.82	1427.75	28
979.818	1959.64	2148.96	33
413.729	827.458	1407.81	16
801.202	1602.4	1555.31	0
314.808	629.616	1517.85	25
259.338	518.676	1516.24	21
101.913	407.65	1333.68	24
519.184	1038.37	1580.14	22
229.259	229.259	1412.85	8
211.828	211.828	1494.53	17
300.168	1200.67	1563.14	27
30.9064	30.9064	1204.21	28
149.843	599.371	1347.92	3
419.518	419.518	1620.97	25
493.862	493.862	1749.48	21
514.41	514.41	1715.93	30
422.23	422.23	2215.01	26
102.372	204.744	1300.04	9
243.356	973.423	1541.43	15
1186.13	2372.27	1636.29	31
611.913	2447.65	1876.99	24
383.636	767.271	1600.97	28
30	796.941	2111.77	2289.76	8447.07	1677.56	2228.11	1856.41	2182.27
906.9	3627.6	1390.8	33
819.407	3277.63	1636.61	30
1678.98	6715.92	2182.27	24
120.028	120.028	1566.5	14
2111.77	8447.07	1447.45	21
895.18	1790.36	1537.28	25
555.394	555.394	1659.21	29
1856.41	7425.66	1634.07	27
1445.28	5781.12	1592.82	15
2103.13	8412.51	2179.11	12
169.555	169.555	1448.21	4
248.685	248.685	1490.63	17
487.587	975.174	1993.71	31
818.282	818.282	2177.44	26
981.818	1963.64	1459.23	12
373.275	746.551	1227.83	28
504.854	2019.42	1776.4	21
1254.81	5019.23	1401.29	6
638.005	638.005	1853.29	5
59.7368	59.7368	1365.54	9
205.975	411.951	1427.75	6
491.165	491.165	1655.18	28
984.507	984.507	2180.03	15
1092.09	1092.09	2209.33	24
145.676	291.352	1380.14	22
706.065	1412.13	1490.91	21
1090.14	1090.14	2228.11	26
327.303	1309.21	1525.7	27
273.055	546.11	1452.24	12
563.162	2252.65	1757.82	30
30	529.953	1572.2	1453.45	6288.78	1596.6	2017.29	892.82	1855.35
215.854	863.416	1496.78	24
314.856	314.856	1516.66	33
551.331	1102.66	1838.24	6
885.346	1770.69	1559.15	31
247.09	247.09	1580.93	11
416.874	833.749	1506.15	16
659.222	659.222	1663.62	32
828.238	3312.95	1786.47	30
585.523	2342.09	1494.04	21
1572.2	6288.78	1740.75	15
364.072	364.072	1855.35	26
463.815	1855.26	1493.36	33
227.229	227.229	1467.16	16
872.18	3488.72	1460.31	15
308.162	616.325	1530.02	13
63.2721	63.2721	1278.94	2
184.906	184.906	1360.1	3
536.501	536.501	1478.87	21
187.75	375.501	1379.87	6
810.368	810.368	2017.29	11
519.66	2078.64	1559.44	15
517.094	517.094	1731.63	31
142.03	284.061	1330.53	22
381.516	763.031	1578.71	27
805.506	3222.02	2000.41	21
228.481	228.481	1510.57	16
422.23	1688.92	1625.23	33
690.103	2760.41	1851.86	6
892.82	1785.64	1367.5	30
1004.36	4017.43	1838.21	0
30	470.117	1374.54	1297.1	5498.17	1576.5	2187.46	1026.9	2137.51
148.837	148.837	1347.02	33
905.237	3620.95	1710.39	30
641.3	641.3	1695.75	31
1026.9	2053.8	1387.46	21
1374.54	5498.17	2000.41	24
453.63	453.63	1656.62	32
111.897	447.589	1318.33	6
200.974	803.894	1292.53	3
130.767	130.767	1339.95	22
307.021	1228.08	1552.78	12
972.388	3889.55	2187.46	30
168.726	674.905	1668.65	27
217.254	217.254	1678.73	28
968.886	3875.54	2164.08	21
246.514	246.514	1455.06	24
212.477	212.477	1486.14	17
274.099	548.198	1350	16
947.758	3791.03	1484.61	12
135.662	542.65	1352.41	6
342.357	684.714	1556.03	31
926.503	926.503	2137.51	30
148.245	592.98	1364.95	6
417.34	834.68	1594.91	31
263.216	526.432	1463.09	21
640.96	2563.84	1856.42	33
262.684	262.684	1445.51	14
16.9997	67.999	1462.44	0
1044.45	1044.45	1495.08	32
276.566	1106.26	1253.07	15
319.324	1277.3	1537.56	24
30	570.779	1866.9	1696.85	7467.6	1621.63	2217.48	1311.34	1928.17
102.723	205.445	1502.57	1
374.365	748.729	1567.79	33
767.89	3071.56	1615.68	24
341.926	1367.71	1622.13	6
420.724	420.724	1790.88	26
620.662	620.662	1928.17	30
42.5433	85.0866	1654.62	27
305.667	611.335	1306.37	4
582.528	582.528	1859.59	17
1183.56	4734.22	1662.75	21
371.939	1487.76	1549.82	33
1311.34	5245.34	1647.52	15
514.163	1028.33	1630.14	31
184.033	368.065	1362.32	3
69.5575	139.115	1427.21	16
57.2269	57.2269	1645.82	28
1127.76	2255.52	1718.48	22
1866.9	7467.6	1394.12	21
603.045	603.045	1797.87	26
798.062	3192.25	1961.78	6
609.716	609.716	1828.08	5
197.294	789.176	1362.48	24
96.2362	192.472	1377.87	16
469.405	469.405	1672.45	11
238.562	477.124	1418.87	21
400.541	400.541	1606.61	31
977.196	3908.78	1834.47	12
92.5581	185.116	1312.57	33
1397.21	5588.86	1372.28	15
998.031	3992.12	2217.48	27
30	510.897	1790.04	1170.35	4098.59	1610.56	2177.98	1055.55	2076.3
244.569	978.276	1456.57	24
838.07	3352.28	1625.83	27
313.465	313.465	1516.59	31
942.991	1885.98	1556.05	30
413.058	826.116	1647.51	25
358.867	358.867	1621.92	6
105.758	105.758	1353.66	14
213.999	213.999	1460.1	22
171.162	684.648	1362.61	3
218.253	218.253	1438.11	33
421.697	843.394	1624.72	30
272.524	272.524	1513.45	24
367.679	367.679	1570.71	33
1055.55	1055.55	2070.26	31
1402.59	2805.18	1429.23	21
112.133	224.266	1559.47	18
465.015	930.03	1626.82	6
655.036	655.036	1744.09	32
230.711	461.421	1375.29	16
147.59	147.59	1661.19	28
982.558	3930.23	2177.98	21
416.765	1667.06	1619.79	30
300.906	1203.63	1342.46	3
138.272	138.272	1404	24
1024.65	4098.59	2076.3	33
327.878	655.757	1545.58	31
685.493	1370.99	1847.08	6
1790.04	3580.09	2098.38	25
536.485	1072.97	1624.99	27
173.16	692.638	1365.98	18
30	418.276	900.06	937.165	3600.24	1637.62	1992.28	790.164	1947.71
46.0467	46.0467	1221.99	25
54.2346	54.2346	1463.72	18
169.393	169.393	1370.8	20
900.06	3600.24	1859.59	0
353.408	706.816	1335.38	21
600.731	600.731	1781.51	33
316.709	316.709	1514.98	32
532.567	1065.13	1469.64	31
85.9711	85.9711	1429.57	15
92.1062	92.1062	1716.75	26
512.901	1025.8	1726.88	31
235.386	235.386	1478.71	0
156.315	156.315	1657.86	28
395.664	395.664	1971.3	30
764.829	1529.66	1992.28	25
577.136	1154.27	1947.71	6
562.58	562.58	1678.26	20
818.675	1637.35	1870.27	33
599.638	2398.55	1600.89	3
541.238	2164.95	1644.18	21
330.034	330.034	1573.28	15
790.164	3160.66	1632.96	24
219.492	438.984	1490.2	21
665.014	2660.06	1721	30
627.839	627.839	1893.24	0
300.832	300.832	1566.8	11
184.265	368.529	1347.77	25
70.883	141.766	1657.78	27
707.153	1414.31	1933.06	28
337.016	674.032	1580.14	22
30	478.845	1672.9	1197.17	6691.59	1650.63	2301.76	923.241	2176.39
167.683	670.731	1662.88	27
295.065	590.131	1472.75	33
90.7095	362.838	2176.39	30
142.108	284.216	1297.21	6
490.21	980.419	2198.4	31
1672.9	6691.59	2301.76	24
318.161	318.161	1521.14	32
201.439	805.758	1353.59	3
655.38	655.38	1949.23	5
819.735	3278.94	1561.15	21
74.5558	74.5558	1446.28	0
360.806	360.806	1558.64	21
691.931	691.931	1853.67	5
725.697	1451.39	1921.11	24
368.727	368.727	1561.49	33
98.0781	196.156	1294.62	31
614.399	2457.6	1664.63	6
50.0586	50.0586	1516.78	15
134.363	268.726	1321.66	7
95.2059	95.2059	1291.28	19
880.407	1760.81	2091.95	33
1370.49	5481.98	1801.64	21
905.496	1810.99	2128.98	6
149.984	149.984	1429.43	23
602.128	602.128	1366.5	24
296.68	593.361	1455.12	28
557.541	557.541	1759.39	31
923.241	3692.96	1615.29	27
500.91	500.91	1664.73	25
111.256	111.256	1281.28	5
30	475.545	2881.2	1096.39	11524.8	1540.31	2013.17	944.746	1893.24
175.317	175.317	1353.38	7
191.573	766.291	1351.69	3
773.923	1547.85	1565.73	31
712.455	2849.82	1477.41	0
439.596	439.596	1835.82	30
282.159	282.159	1397.9	16
78.6815	157.363	1398.63	9
644.336	644.336	1903.19	17
77.609	77.609	1400.09	13
596.085	596.085	1496.92	2
86.7262	346.905	1287.13	30
145.774	583.097	1590.4	27
358.891	358.891	1550.92	33
324.685	649.369	1576.55	0
249.34	498.681	1597.43	6
261.637	261.637	1503.74	24
418.562	418.562	1613.17	31
149.323	298.646	1662.88	28
398.086	1592.34	1594.58	21
2881.2	11524.8	1547.74	15
116.139	116.139	1300.04	3
618.778	1237.56	1540.49	30
299.037	598.074	1501.79	31
881.976	1763.95	1661.81	24
16.7098	16.7098	1214.35	32
627.839	627.839	1893.24	0
457.877	457.877	2013.17	26
944.746	1889.49	1481.32	25
94.2551	188.51	1255.8	6
963.042	1926.08	1642.06	22
30	563.524	2261.39	1654.3	9045.56	1624.49	2179.75	1355.28	2085.38
237.856	951.426	1327.94	12
244.052	488.103	1852.3	31
503.006	2012.03	1674.24	33
468.515	937.031	2085.79	30
185.282	741.126	1392.57	3
119.114	238.227	1624.71	24
1327.55	2655.1	1370.49	21
731.162	2924.65	1495.09	0
104.806	104.806	1308.68	13
349.758	699.516	1397.07	27
287.187	287.187	1551.55	6
615.053	1230.11	1873.61	0
638.629	638.629	1833.72	21
149.355	597.42	1323.35	27
504.066	1008.13	1666.15	31
148.679	297.358	1379.43	25
227.3	454.6	1473.48	22
1355.28	5421.11	2049.79	30
64.8741	129.748	1458.92	10
1485.38	5941.5	2179.75	33
1083.07	1083.07	2085.38	21
408.693	1634.77	1610.28	30
645.108	645.108	1851.86	5
179.556	359.112	1369.3	7
618.434	2473.74	1570.93	15
487.872	975.744	1443.78	22
678.891	2715.56	1840.57	6
714.268	2857.07	1575	33
2261.39	9045.56	1527.22	12
81.5392	81.5392	1541.87	11
30	450.577	1500.22	1108.23	3640.69	1548.54	2183.39	837.325	1947.98
118.787	118.787	1294.32	5
378.843	1515.37	1249.49	27
412.574	1650.3	1388.7	0
710.618	1421.24	1660.49	21
352.056	1408.22	1353.63	6
208.347	416.694	1471.22	1
68.1389	272.556	1305.11	9
643.751	2575	1494.76	18
910.174	3640.69	1614.78	30
156.71	313.42	1363	3
304.377	1217.51	1300.91	3
313.069	1252.27	1335.57	9
195.285	195.285	1520.91	20
307.896	1231.58	1480.25	24
303.24	1212.96	1391.02	15
497.868	497.868	1681.63	33
428.886	857.773	2183.39	31
527.405	527.405	2044.83	26
666.951	666.951	1828.6	5
116.232	116.232	1666.49	28
402.912	1611.65	1637.29	24
362.731	362.731	1582.64	33
368.065	1472.26	1566.36	30
141.163	564.653	1284.36	0
751.973	1503.95	1947.98	31
764.966	1529.93	1566.19	21
837.325	837.325	1273.48	26
1500.22	3000.44	1787.81	27
488.992	977.985	1652.95	25
277.77	277.77	1528.03	17
30	331.276	1103.93	810.163	2672.33	1546.34	2202.41	659.61	1836.38
268.641	268.641	1459.23	33
551.005	1102.01	1836.38	6
591.563	1183.13	1814.27	25
432.217	432.217	1568.15	31
207.989	831.957	1557.18	21
340.91	340.91	2036.5	26
167.873	335.747	1345.26	7
1103.93	1103.93	1591.41	32
604.366	2417.46	1576.4	24
635.211	2540.84	1522.81	15
172.128	688.513	1387.15	24
120.583	120.583	1333.93	15
379.633	379.633	1609.34	25
176.658	706.632	1365.06	3
124.806	499.225	1570.52	0
42.815	42.815	1561.72	23
121.665	121.665	2202.41	30
183.258	183.258	1304.8	21
668.082	2672.33	1466.55	27
659.61	2638.44	1653.27	6
380.656	380.656	1577.65	26
241.155	964.618	1499.15	12
192.788	771.154	1492.31	9
56.3417	56.3417	1394.69	10
218.942	437.883	1399.02	16
501.39	2005.56	1494.05	0
69.5321	139.064	1312.88	15
249.558	249.558	1538.44	20
215.128	430.256	1456.95	18
259.847	259.847	1462.86	30
30	477.49	1768.59	1303.21	7074.37	1539.29	2218.8	1110.09	1672.28
221.498	442.995	1531.94	21
266.28	266.28	1484.64	33
365.893	365.893	1634.43	31
29.5437	29.5437	1475.28	0
1110.09	4440.34	1404.36	24
544.001	1088	1497.67	16
953.828	3815.31	1373.04	15
416.578	1666.31	1459.16	12
294.918	294.918	1528.96	25
229.542	459.083	1593.51	27
638.758	2555.03	1456.57	12
585.734	2342.93	1557.13	27
258.716	1034.87	1499.31	21
196.213	196.213	1330.86	16
279.418	279.418	1473.97	24
353.572	353.572	2218.8	30
248.112	248.112	1443.4	32
760.259	3041.04	1662.96	6
276.565	553.13	1447.2	15
389.013	778.027	1593.34	19
124.382	124.382	1359.73	8
366.323	366.323	1544.81	31
54.2346	54.2346	1463.72	18
354.429	708.858	1566.28	6
897.973	897.973	2109.19	33
469.298	1877.19	1672.28	24
1557.7	3115.41	1564.63	12
1768.59	7074.37	1400.44	15
198.95	397.901	1525.55	1
114.28	228.56	1305.52	7
30	493.072	2204.71	1072.02	4409.42	1576.06	2221.66	1054.14	1940.04
413.951	413.951	1917.33	31
367.762	1471.05	1545.77	33
150.057	150.057	1341.97	16
594.53	594.53	1868.17	30
1054.14	2108.28	1505.56	25
570.103	2280.41	1940.04	6
1662.57	3325.13	2176.47	24
2204.71	4409.42	1487.08	21
386.446	386.446	1495.05	29
321.756	1287.02	1276.44	15
782.93	3131.72	1614.69	27
78.6815	78.6815	1398.63	9
542.547	542.547	1655	29
448.693	897.386	1644.39	24
333.863	333.863	1528.62	25
154.897	309.795	1367.85	10
310.22	310.22	1512.91	31
380.564	1522.26	1573.82	21
138.121	276.242	1400.96	12
51.7646	51.7646	1559.25	15
177.688	177.688	1594.68	23
618.04	1236.08	1729.51	21
1002.52	4010.07	2221.66	27
180.411	180.411	1548.25	20
400.623	400.623	1596.62	24
503.042	503.042	1393.51	28
208.877	417.754	1401.9	30
140.808	140.808	1304.81	7
601.429	1202.86	1454.59	15
10.4151	10.4151	1226.39	2
30	342.835	1757.51	850.948	7030.02	1529.06	2181.36	690.165	1956.8
278.01	556.019	1430.14	16
541.961	541.961	1822.01	17
273.896	1095.59	1389.19	6
182.779	731.116	2158.56	30
158.621	158.621	1454.68	28
690.165	2760.66	1418.3	33
1757.51	7030.02	1493.22	21
449.028	449.028	1644.63	32
465.389	1861.55	1286.73	18
141.337	565.348	1464.49	0
123.863	247.726	1310.12	6
403.838	1615.35	1604.25	30
371.028	742.056	1956.8	31
138.813	555.25	1265.69	18
809.608	809.608	2181.36	26
306.501	613.003	1497.12	21
232.252	464.504	1435.12	33
156.34	312.679	1385.98	12
8.04255	8.04255	1241.29	8
164.647	164.647	1505.58	13
561.652	1123.3	1741.82	30
137.155	274.311	1313.17	7
219.329	877.316	1501.76	18
55.1611	55.1611	1387.88	1
249.011	249.011	1495.19	22
36.8093	73.6185	1257.13	25
72.2296	72.2296	1280.41	0
409.098	409.098	1581.84	26
670.386	670.386	1866.93	31
220.606	441.213	1500.5	10
30	432.206	1574.63	1160	4669.59	1518.62	2211.71	992.404	1747.97
261.356	522.711	1464.87	33
823.042	3292.17	1676.05	30
137.931	137.931	1334.23	32
368.926	737.852	1747.97	31
526.19	1052.38	1760.6	25
288.736	288.736	1549.06	24
129.754	519.015	1665.16	27
167.885	335.771	1586.33	28
917.439	1834.88	1346.68	13
314.399	1257.6	1399.14	21
101.844	407.376	1304.89	30
330.285	330.285	1527.31	32
293.684	293.684	1637.83	11
52.36	52.36	1304.18	3
159.106	318.212	1268.93	6
522.571	1045.14	1629.12	13
239.54	239.54	1453.06	31
992.404	1984.81	2211.71	24
805.335	3221.34	1569.43	33
1574.63	3149.26	1632	21
302.256	1209.02	1225.75	18
714.973	2859.89	1483.54	0
166.6	666.398	1479.55	15
1167.4	4669.59	1561.44	12
416.773	833.546	1705.45	13
80.4125	80.4125	1311.69	6
756.836	3027.34	1650.27	21
79.1659	158.332	1286.21	19
48.059	48.059	1345.57	5
226.307	226.307	1440.5	31
30	481.833	2141.81	1481.63	8567.24	1612.36	2182.23	1276.81	2175.93
348.562	697.124	1527.74	33
712.431	2849.72	1542.34	0
150.176	150.176	1335.57	7
152.91	152.91	1583.4	16
82.6179	82.6179	2175.93	30
1566.63	6266.53	1556.03	21
395.458	790.916	2182.23	31
2141.81	8567.24	1454.19	24
180.899	361.798	1388.29	19
583.562	1167.12	1955.98	6
17.699	35.398	1225.75	16
217.197	434.394	1498.62	1
484.409	968.819	1707.32	25
157.453	314.907	1376.97	3
723.674	723.674	1919.66	30
47.6282	47.6282	1344.48	29
250.004	250.004	1478.98	11
365.346	365.346	1568.14	21
175.652	702.606	1354.37	24
367.679	1470.72	1570.71	33
356.565	356.565	1597	13
881.855	3527.42	2096.48	21
90.3242	180.648	1254.32	6
73.3559	73.3559	1365.86	29
981.375	3925.5	2176.84	30
465.679	1862.71	1667.86	24
701.594	1403.19	1434.9	18
368.973	1475.89	1348.13	27
1276.81	5107.22	1737.72	12
136.666	136.666	1944.87	26
30	528.724	2988.24	1480.71	11953	1581.78	2175.12	1015.32	1878.49
101.761	101.761	1422.18	1
587.872	2351.49	1673.51	30
446.291	1785.16	1629.33	33
788.537	1577.07	1610.72	21
1499.97	5999.89	1471.74	24
101.198	202.397	1303.08	4
175.972	175.972	1516.18	11
2988.24	11953	1715.43	27
1015.32	4061.29	1852.95	0
104.376	104.376	1380.77	16
254.362	254.362	1448.05	27
432.403	1729.61	1633.86	21
175.995	351.989	1395.3	18
286.7	573.399	1744.09	31
522.002	1044	1467.79	24
178.162	178.162	1476.91	23
332.104	1328.42	1549.45	9
232.781	232.781	1494.65	16
191.245	764.981	1394.26	30
310.761	1243.04	1432.16	0
380.369	760.739	1628.74	6
872.345	872.345	2175.12	26
322.077	322.077	1516.46	27
241.297	965.188	1320.92	3
876.409	876.409	2088.16	31
611.599	1223.2	1878.49	16
274.85	274.85	1471.18	21
266.107	532.215	1555.36	28
513.304	1026.61	1727.73	33
777.309	1554.62	1478.74	0
30	614.974	2233.95	1943.15	8935.78	1598.56	2215.58	1523.77	1873.27
370.406	370.406	1573.44	32
832.91	3331.64	1702.1	24
231.384	462.767	1518.41	21
1162.13	4648.5	1718.48	33
220.13	220.13	1502.45	17
418.753	418.753	1634.14	31
133.213	266.426	1278.16	9
427.428	427.428	1719.58	29
128.552	257.105	1382.31	13
1590.99	3181.98	1535.08	30
443.904	443.904	1621.37	30
290.804	1163.22	1551.61	24
976.044	3904.18	1668.89	33
199.168	199.168	1415.07	31
211.256	211.256	1409.24	32
1523.77	6095.08	1873.27	27
203.16	203.16	1486.5	17
422.677	422.677	2215.58	26
1466.75	5867.01	1627.73	21
1358.01	5432.05	1680.96	12
119.332	238.664	1326.91	22
242.702	970.81	1471.49	0
172.577	172.577	1298.11	17
386.762	386.762	1564.28	30
333.343	666.687	1548.95	31
561.975	2247.9	1666.22	24
882.74	3530.96	2078.1	21
511.092	2044.37	1705.96	27
393.313	1573.25	1592.82	33
2233.95	8935.78	1589.56	12
30	550.184	1478.94	1135.55	3765.06	1628.04	2179.29	1157.23	2068.22
232.058	928.233	1564.78	24
192.298	384.596	1353.37	3
595.584	1191.17	1954.34	30
615.488	1230.98	1549.59	33
440.609	1762.43	1624.71	21
77.609	155.218	1400.09	13
598.547	598.547	1971.81	6
793.525	1587.05	1690.22	25
889.055	3556.22	1380.97	15
218.947	437.894	1731.9	31
259.898	259.898	2068.22	26
913.771	1827.54	1899.21	16
532.755	532.755	1642.3	15
565.85	1131.7	1680.89	25
1157.23	1157.23	1592.48	31
616.717	1233.43	1369.72	33
506.158	1012.32	1551.61	22
1387.84	2775.67	2179.29	24
779.216	779.216	1727.73	32
1478.94	1478.94	1367.16	29
305.592	611.185	1557.18	15
110.499	220.998	1280.67	6
303.066	1212.26	1302.22	3
941.265	3765.06	2136.15	24
245.553	245.553	1379.11	16
515.804	1031.61	1526.72	22
259.833	519.665	1493.87	30
438.126	438.126	1655.68	29
66.9151	133.83	1658.46	27
466.776	1867.11	1550.59	21
30	418.73	1121.26	882.784	3990.99	1589.03	2221.37	997.747	1933.4
553.389	553.389	1656.93	29
517.642	2070.57	1699.29	33
342.664	685.328	1394.36	16
1121.26	2242.51	1529.85	31
224.667	224.667	1470.73	22
193.273	773.092	1367.02	3
228.191	228.191	1511.3	17
597.174	597.174	1654.94	20
48.0604	96.1207	1359.44	9
168.376	168.376	1973.16	26
465.93	465.93	1667.07	32
345.813	1383.25	1346.23	21
504.266	2017.06	1676.6	33
360.927	721.854	1538.62	31
352.683	352.683	1642.17	20
553.601	553.601	1832.96	6
850.552	850.552	1641.68	30
317.629	635.258	1504.15	24
80.6494	80.6494	1505.01	18
102.92	102.92	1420.86	10
916.142	3664.57	1933.4	33
161.779	647.116	1394.15	6
1002.11	1002.11	2221.37	25
436.633	873.266	1543.78	30
36.1247	72.2494	1304.63	16
179.803	179.803	1675.95	27
997.747	3990.99	1650.02	21
160.372	160.372	1376.97	2
393.221	393.221	1627.67	26
348.321	696.641	1550.48	18
30	524.846	2539.27	1160.75	5078.54	1615.12	2178.39	982.413	2172.45
611.718	1223.44	1297.22	31
372.495	744.989	2177.62	30
223.39	223.39	1505.62	17
702.339	1404.68	1654.84	21
494.525	1978.1	1701.93	33
2236.78	4473.57	1575.67	25
142.846	285.692	1369.15	18
341.961	683.923	1554.13	22
2539.27	5078.54	1717.05	24
571.726	1143.45	1571.64	19
604.92	604.92	1871.1	17
880.407	3521.63	2091.95	24
111.815	111.815	1318.83	25
333.653	333.653	1531.66	31
982.413	3929.65	2172.45	33
65.9695	65.9695	1435.1	14
104.4	104.4	1280.62	19
776.572	3106.29	2000.57	30
610.832	1221.66	1784.97	21
55.6979	111.396	1284.26	4
111.482	222.965	1662.45	28
139.286	557.145	1292.04	3
191.629	191.629	1484.74	15
257.344	514.687	1458.44	18
804.26	804.26	2178.39	26
281.961	281.961	1501.6	24
492.663	492.663	1694.95	21
130.981	261.961	1316.56	4
196.632	393.263	1398.71	31
375.403	750.805	1569.2	25
30	470.09	1953.12	1515.79	7812.47	1573.36	2190.91	1065.45	1900.28
420.215	1680.86	1900.28	30
179.502	179.502	1366	33
152.876	152.876	1662.55	28
142.805	142.805	1677.09	27
229.064	916.258	1573.32	21
1065.45	4261.78	1647.33	24
1880.45	7521.8	1662.89	15
1953.12	7812.47	1287.13	18
766.617	3066.47	1316.97	0
436.091	436.091	2190.91	31
121.884	121.884	1333.57	14
86.0567	172.113	1379.25	21
314.887	1259.55	1524.45	24
376.237	376.237	1625.47	6
315.085	1260.34	1531.07	33
883.926	3535.71	2078.97	15
187.221	748.886	1322.93	3
335.196	1340.78	1537.82	30
314.614	1258.45	1380.71	9
322.408	644.815	1500.26	0
490.956	1963.82	1654.83	27
496.223	1984.89	1677.94	33
546.528	1093.06	1662.79	21
608.55	1217.1	1439.49	15
145.485	290.969	1348.86	24
310.498	310.498	1517.64	25
365.83	731.66	1608.74	0
172.309	172.309	1768.1	26
145.622	145.622	1443.28	20
337.016	674.032	1580.14	22
30	474.234	1514.9	1285.92	4450.15	1584.7	2307.66	1112.54	1969.09
537.656	2150.62	2144.93	30
67.2671	67.2671	1291.95	25
763.11	1526.22	1663.83	33
1049.68	4198.71	1606.09	21
121.441	121.441	1592.82	20
543.718	2174.87	1509.14	0
501.321	1002.64	1591.66	31
129.998	129.998	1411.03	17
116.176	464.703	1345.57	6
180.877	180.877	1521.73	14
1112.54	4450.15	2307.66	21
376.671	376.671	1568.77	30
215.604	431.208	1499.15	0
159.019	159.019	1375.8	2
192.208	384.416	1390.26	16
396.901	396.901	1598.49	31
94.8272	94.8272	1326.76	25
685.619	1371.24	1500.9	18
50.1237	100.247	1348	3
676.677	1353.35	1838.23	6
181.94	363.88	1676.17	27
517.218	2068.87	1409.53	15
341.18	1364.72	1548.41	30
773.465	3093.86	1969.09	21
336.884	673.768	1505.14	22
409.027	1636.11	1604.83	33
335.466	335.466	1531.84	31
1253.1	2506.2	1750.62	25
1514.9	3029.8	1612.82	24
592.409	2369.64	1499.7	6
30	438.862	1228.39	1018.87	4347.27	1553.13	2301.76	782.541	1783.24
313.056	1252.22	1494.83	33
599.349	2397.39	1894.43	30
717.632	2870.53	1664.15	21
237.005	474.009	1332.36	16
10.4925	10.4925	1521.2	15
688.355	688.355	1279.91	32
124.05	248.1	1699.68	31
1086.82	4347.27	1662.79	24
340.901	1363.61	1620.93	27
1228.39	1228.39	1612.56	29
93.5717	93.5717	1449.98	12
287.756	575.511	1486.07	30
98.8699	98.8699	1406.42	13
782.541	782.541	2301.76	26
330.268	660.535	1532.58	19
395.16	395.16	1618.6	25
162.354	162.354	1311.73	16
150.247	150.247	1366.9	2
564.395	2257.58	1455.01	27
160.359	320.717	1429.66	18
259.475	518.95	1493.47	25
369.394	1477.58	1546.96	33
133.204	532.817	1370.62	15
549.347	549.347	1730.91	29
366.34	1465.36	1587	27
754.123	1508.25	1618.42	28
682.856	1365.71	1330.76	30
588.375	588.375	1783.24	26
340.936	681.873	1583.98	22
750.257	1500.51	1407.05	31
30	661.702	1812.22	1541.47	5627.03	1627.52	2212.36	1248.14	2120.6
242.1	484.2	1482.7	27
349.137	349.137	1568.15	33
954.54	954.54	1509.72	32
302.135	302.135	1682	31
1248.14	4992.56	1655.22	21
170.688	170.688	2182.1	30
1013	2026.01	1446.24	24
1111.33	2222.65	1470.52	25
698.212	698.212	1309.19	29
1812.22	3624.44	2078.56	28
227.229	227.229	1467.16	17
413.29	413.29	1435.88	26
149.325	149.325	1337.72	7
77.6724	310.689	1255.3	33
480.771	1923.09	1654.69	21
368.83	1475.32	1627.16	6
270.833	541.666	1514.79	22
666.39	1332.78	1553.39	15
843.684	3374.74	1373.04	24
987.272	3949.09	1900.5	30
368.608	737.217	1546.83	21
300.503	300.503	1520.64	32
482.825	965.649	1590.44	24
1406.76	5627.03	1857.51	30
489.911	979.823	1685.45	25
809.842	809.842	1743.98	28
992.587	992.587	2212.36	26
1111.48	2222.97	2120.6	31
960.122	1920.24	1673.05	33
541.607	2166.43	1370.8	15
30	423.114	1260.72	880.866	5042.87	1618.83	2170.28	930.569	1933.47
176.845	176.845	1354.4	33
1260.72	5042.87	1598.54	30
166.012	664.048	1662.98	27
300.517	300.517	1474.96	29
563.085	1126.17	1933.47	6
293.103	293.103	1913.05	26
171.593	686.372	1538.44	21
930.569	930.569	1362.26	32
194.261	194.261	1666.77	31
949.175	1898.35	2170.28	25
348.452	348.452	1545.64	26
495.527	1982.11	1733.99	21
192.238	384.477	1377.03	3
879.441	879.441	2092.99	32
638.81	638.81	1857.86	5
695.889	2783.56	1520.21	0
217.4	217.4	1416.36	23
375.581	375.581	1577.72	30
158.621	317.241	1454.68	28
538.891	1077.78	1733.7	31
143.974	143.974	1621.6	20
215.982	863.93	1497.96	0
373.812	1495.25	1490.91	24
599.325	1198.65	1815.2	33
109.189	436.758	1563.51	18
236.529	236.529	1480.27	17
374.545	374.545	1595.37	25
126.015	126.015	1292.4	7
702.276	702.276	1898.34	21
265.046	530.092	1323.96	4
30	419.491	1724.09	1146.72	6896.36	1572.16	2179.39	979.639	2117.98
393.221	786.442	1627.67	25
38.5663	38.5663	1648.97	27
151.364	605.456	2179.39	30
64.5221	129.044	1284.53	33
26.4622	52.9243	1220.62	19
888.282	1776.56	1574.39	31
209.388	209.388	1403.93	32
95.5626	95.5626	1247.14	13
1026.9	2053.8	1387.46	21
47.8113	47.8113	1691.25	24
489.369	1957.48	1712.1	24
979.639	3918.55	2175.1	21
334.818	1339.27	1534.7	30
464.12	464.12	1641.59	31
160.036	160.036	1359.98	3
551.671	2206.68	1828.6	6
513.304	2053.21	1727.73	33
252.231	252.231	1482.99	25
1724.09	6896.36	1646.61	27
237.546	950.183	1330.69	9
157.236	157.236	1582.85	20
270.833	541.666	1514.79	22
248.112	992.447	1443.4	21
788.974	1577.95	1365.86	24
320.741	320.741	1557.94	17
255.408	510.816	1473.16	25
278.633	1114.53	1469.45	27
223.462	893.849	1389.19	3
486.275	486.275	1544.87	23
906.143	1812.29	2117.98	31
30	470.399	1222.63	1246.81	4114.42	1529.23	1829.67	1028.61	1756.27
87.0592	174.118	1564.49	21
496.067	1984.27	1715.21	33
674.009	2696.04	1560.94	15
1222.63	2445.27	1630.68	31
671.061	1342.12	1788.91	30
1108.95	1108.95	1540.77	32
152.148	152.148	1664.73	28
179.799	359.599	1344.92	25
619.979	2479.92	1459.64	24
97.3536	97.3536	1361.42	14
1028.61	4114.42	1478.66	30
974.089	3896.36	1443.4	33
64.8741	64.8741	1458.92	10
805.291	3221.16	1558.47	0
718.435	2873.74	1210.05	15
59.9052	119.81	1227.83	25
538.373	538.373	1756.27	31
833.696	1667.39	1555.29	28
226.189	904.757	1586.42	18
503.571	503.571	1709.28	26
555.59	1111.18	1829.67	6
551.314	1102.63	1734.14	31
163.602	654.409	1357.4	21
295.825	591.65	1499.14	19
174.941	699.764	1442	9
385.087	385.087	1616.73	23
128.196	128.196	1353.8	8
198.27	793.081	1380.85	24
205.14	410.281	1368.7	25
391.917	783.833	1678.21	15
30	368.062	993.641	922.915	2920.82	1549.82	2212.72	730.204	2133.24
179.365	179.365	1393.51	25
158.151	158.151	1339.43	7
67.6554	135.311	1505.6	0
224.577	898.307	1562.69	27
286.879	286.879	1491.59	33
116.759	233.517	1662.11	28
563.169	1126.34	1531.24	16
276.158	552.317	1306.37	6
762.769	1525.54	1644.45	24
316.95	1267.8	1273.13	21
362.013	362.013	1540.77	33
159.862	639.446	2179.63	30
81.4569	81.4569	1353.83	13
623.518	2494.07	1397.76	18
403.831	403.831	2133.24	26
559.299	1118.6	1473.99	31
145.541	145.541	1309.81	7
444.393	888.785	1611.13	25
993.641	1987.28	2212.72	27
497.772	1991.09	1624.71	24
141.058	282.117	1255.26	16
501.668	1003.34	1665.37	25
388.229	1552.91	1682.91	24
580.361	2321.44	1775.19	30
116.167	232.334	1311.09	31
730.204	2920.82	1229.3	33
291.497	291.497	1404.28	29
473.242	1892.97	1550.43	21
476.944	476.944	1677.7	26
118.726	237.452	1395.3	1
30	562.132	1890.25	1485.24	7561	1597.16	2313.77	1623.23	2160.72
58.4299	58.4299	1590.04	11
63.6963	254.785	1279.91	33
706.694	1413.39	1656.93	21
500.193	1000.39	1501.6	31
344.869	1379.48	1614.44	24
259.088	1036.35	1291.51	12
1623.23	3246.46	1587.48	30
1797.75	3595.5	1590.7	25
1890.25	7561	1332.12	15
778.129	3112.52	1550.65	18
401.412	401.412	1601.6	25
212.672	212.672	1495.06	17
96.0676	192.135	1315.83	18
106.1	106.1	1279.43	8
264.134	528.268	1508.88	22
149.425	149.425	1659.24	28
399.364	1597.46	1590.84	30
118.844	237.689	1283.66	7
811.819	1623.64	1789.85	21
1222.11	4888.43	1670.55	15
215.476	215.476	1427.36	23
205.658	822.631	1411.28	18
749.488	749.488	2313.77	26
979.138	979.138	2174.58	32
280.927	1123.71	1578.53	15
973.155	3892.62	2160.72	30
174.447	348.893	1682.25	27
760.719	3042.87	1643.13	24
698.634	698.634	1923.63	21
22.058	88.2322	1409.22	6
30	352.308	1242.57	959.776	4970.29	1522.52	2169.36	789.76	1963.69
180.122	360.245	1551.08	24
352.678	705.356	1547.27	25
274.96	1099.84	1580.29	6
336.144	1344.58	1346.37	18
94.3817	188.763	1472.38	12
192.197	192.197	1553.2	20
178.806	715.225	1383.96	33
765.257	1530.51	1379.74	31
232.334	464.669	1368.7	28
272.041	272.041	1521.85	17
128.934	257.868	1321.11	22
158.218	632.874	1348.81	24
408.342	816.685	1651.86	21
789.76	3159.04	1524.59	30
413.058	413.058	1647.51	25
199.615	199.615	1421.83	28
56.2089	56.2089	1225.95	6
621.669	2486.68	1837.09	33
282.849	282.849	1485.05	31
191.632	191.632	1487.28	27
696.657	696.657	2167.24	26
152.447	152.447	1458.99	23
118.245	118.245	1295.71	33
280.927	280.927	1578.53	29
1102.7	4410.8	1963.69	27
396.347	1585.39	1350.39	15
1242.57	4970.29	2169.36	30
197.294	197.294	1362.48	25
78.4358	313.743	1292.42	18
174.392	697.569	1380.85	21
30	429.141	976.295	1131.19	3905.18	1597.88	2052.84	801.362	1954.3
125.088	125.088	1611.13	27
436.486	436.486	1547.75	29
458.313	916.626	1430.02	16
378.503	1514.01	1398.94	21
120.759	483.036	1608.91	24
159.202	318.403	1372.24	33
279.263	1117.05	1324.4	15
307.052	1228.21	1280.27	6
798.245	1596.49	1391.35	31
466.171	932.343	2052.84	30
91.1865	91.1865	1369.15	16
175.586	175.586	1357.04	25
357.174	1428.69	1550.5	33
167.885	335.771	1586.33	28
675.217	2700.87	1836.78	6
772.877	1545.75	1864.81	4
481.072	481.072	1684.03	30
818.527	3274.11	2043.71	27
976.295	3905.18	1494.51	24
801.362	1602.72	1836.78	7
67.0276	268.111	1269	21
315.102	315.102	1921.71	26
49.4788	49.4788	1367.85	9
317.589	1270.35	1495.08	33
123.316	123.316	1322.8	3
694.876	2779.5	1856.47	6
758.448	1516.9	1954.3	30
675.669	1351.34	1837.31	4
633.766	1267.53	1893.33	16
392.684	785.369	1377.03	0
30	676.214	2303.79	2037.78	9215.15	1626.04	2138.89	1584.24	1861.93
366.622	366.622	1544.18	33
1464.11	5856.46	1601.33	30
68.6529	274.612	1379.97	6
239.429	239.429	1573.82	31
37.6418	75.2835	1379.75	13
1054.47	4217.88	1833.54	24
126.825	253.649	1321.49	19
1584.24	3168.48	2138.89	25
1946.43	7785.71	1754.2	21
725.162	1450.32	1691.15	22
155.116	310.233	1372.28	21
728.191	2912.76	1490.63	0
299.933	599.866	1502.93	24
547.435	1094.87	1650.59	22
1089.65	4358.59	1861.93	30
145.192	145.192	1527.29	1
646.189	2584.76	1826.03	33
403.524	403.524	1685	29
468.144	936.288	1645.64	25
345.252	345.252	1540.68	31
591.339	1182.68	1857.77	0
544.554	1089.11	1647.33	22
722.419	1444.84	1900.22	24
222.635	890.54	1509.61	33
332.155	332.155	1530.8	21
581.833	2327.33	1776.55	30
1575.45	6301.81	1461.5	15
384.659	384.659	1626.27	29
585.373	585.373	1643.18	20
2303.79	9215.15	1506.53	27
30	412.959	1371.31	1127.29	5485.24	1590.87	2017.62	812.529	1928.85
229.485	458.971	1412.19	22
234.918	234.918	1478.47	17
180.852	723.409	1654.34	27
687.84	2751.36	1506.82	21
556.501	1113	1412.17	33
281.771	563.543	1720.33	31
558.129	1116.26	1928.85	6
145.228	145.228	1558.32	24
871.681	3486.72	1928.85	3
509.068	1018.14	1407.96	15
147.712	295.423	1348	7
52.5803	52.5803	1759.1	26
104.569	104.569	1531.15	20
400.811	400.811	1617.16	5
585.857	585.857	1819.16	24
411.099	1644.39	1632.96	27
548.418	2193.67	1653.22	21
509.528	2038.11	1653.2	3
251.081	251.081	1537.78	29
532.632	1065.26	1487.39	16
22.6561	45.3121	1466.28	0
169.273	677.091	1342.2	18
352.99	705.98	1569.07	31
443.904	887.808	1605.73	6
547.351	547.351	2017.62	30
357.879	715.757	1592.19	3
812.529	3250.12	1720.98	33
249.926	999.706	1490.96	21
261.179	261.179	1551.17	1
1371.31	5485.24	1322.38	24
30	456.981	1151.88	949.975	4394.65	1613.98	2232.72	1098.66	2177.06
77.805	77.805	1402.91	16
403.402	806.803	1605.19	33
127.72	127.72	1683.03	26
683.88	683.88	1915.24	25
341.829	341.829	2225.19	30
286.99	1147.96	1361.32	21
700.416	700.416	1284.53	32
220.979	441.958	1387.28	7
652.808	2611.23	1563.4	24
956.295	956.295	1609.75	31
403.941	403.941	1599.69	31
148.679	148.679	1379.43	25
717.953	2871.81	1942.59	30
165.506	165.506	1371.2	32
458.948	917.896	1545.58	21
147.59	295.18	1661.19	28
673.128	1346.26	1334.86	24
78.8483	78.8483	1639.62	27
276.536	276.536	1540.58	16
1102.42	1102.42	2177.06	33
543.242	543.242	1646.07	29
151.88	303.759	1288.13	30
82.9433	82.9433	1302.9	32
621.012	1242.02	1815.71	21
134.279	537.116	1525.55	18
495.618	991.236	1659.38	25
494.549	1978.19	1591.6	12
1151.88	2303.77	1615.21	24
309.672	619.345	1512.58	31
1098.66	4394.65	2232.72	33
30	484.124	1714.82	1098.36	4640.52	1608.14	2241.58	1137.67	2109.24
477.908	1911.63	1474.02	33
118.503	118.503	1287.46	25
141.541	141.541	1318.08	7
199.043	199.043	1518.63	27
401.555	401.555	1925.82	26
565.434	565.434	1838.95	6
109.737	109.737	2241.58	30
874.463	1748.93	1575.43	31
273.121	546.241	1622.17	28
880.181	1760.36	1665.39	13
454.684	909.368	1637.39	31
1160.13	4640.52	1607.2	30
192.043	768.172	1350.08	3
490.258	490.258	1712.74	13
626.478	1252.96	1483.4	33
147.319	147.319	1310.88	7
93.4547	373.819	1475.58	21
666.951	2667.8	1828.6	6
876.369	3505.48	1819.6	24
644.583	644.583	1873.42	25
140.049	280.098	1355.96	3
342.442	342.442	1550.34	31
539.72	1079.44	1492.15	16
418.372	1673.49	1634.14	33
1137.67	1137.67	2134.19	24
62.7364	125.473	1254.74	19
162.902	325.803	1332.86	30
215.558	862.233	1399.42	6
395.706	791.413	1414.63	0
1714.82	3429.64	2109.24	13
30	469.789	1673.47	1451.74	6693.88	1571.25	2175.62	961.028	1838.46
706.34	2825.36	1467.11	0
226.307	226.307	1440.5	33
138.25	276.5	2175.62	30
232.589	465.178	1384.08	21
305.687	611.373	1487.51	19
107.369	214.738	1344.79	22
666.39	1332.78	1553.39	15
567.703	567.703	1850.25	6
1673.47	6693.88	1581.58	24
130.141	520.564	1664.23	27
126.455	126.455	1672.45	28
161.779	323.558	1394.15	6
535.366	2141.46	1574.03	21
899.16	3596.64	1250.44	27
331.02	662.04	1545.11	24
304.558	1218.23	1512.28	33
300.587	1202.35	1501.34	30
961.028	3844.11	1646.48	15
386.303	386.303	1767.51	31
184.414	184.414	1549.45	16
180.892	723.569	1362.22	3
443.472	886.944	1676.02	25
372.434	372.434	1549.91	24
522.42	2089.68	1717.06	30
236.294	472.587	1476.41	0
192.27	192.27	1398.77	31
469.676	469.676	1671.78	32
409.529	1638.12	1587.02	33
676.839	2707.36	1838.46	6
1644.93	6579.73	1497.59	15
30	487.415	2184.1	1371.77	8736.42	1607.53	2228.11	1244.01	2038.44
460.418	920.836	1597.76	24
562.58	562.58	1678.26	29
283.515	283.515	1555.11	6
292.197	584.393	1500.3	19
104.597	104.597	1384.44	17
270.146	270.146	1942.39	31
219.33	219.33	2017.62	26
735.264	2941.06	1558.22	0
149.929	299.858	1533.8	1
315.993	1263.97	2038.44	30
474.865	1899.46	1677.84	30
146.578	586.311	1286.82	3
1008.63	1008.63	2228.11	25
1085.85	4343.4	2068.05	24
177.994	177.994	1411.28	21
344.194	688.387	1582.77	22
619.908	1239.82	1814.81	31
698.377	1396.75	1585.37	15
157.42	314.839	1373.56	1
113.02	113.02	1346.12	26
488.377	976.754	1708.2	25
379.344	379.344	1571.66	33
170.827	683.306	1369.77	24
1244.01	4976.05	1674	30
119.146	238.291	1335.87	1
251.171	251.171	1449.45	31
111.193	222.385	1525.42	28
114.464	114.464	1430.13	11
1339	5356.02	1643.13	15
2184.1	8736.42	1337.23	21
30	477.454	1418.61	1115.11	5674.45	1579	2182.19	976.683	2063.97
326.053	326.053	1560.36	25
157.01	628.038	1584.74	24
159.688	159.688	2182.19	30
470.573	470.573	1742	31
274.832	1099.33	1264.2	6
620.128	1240.26	1582.61	16
463.708	927.416	1580.46	4
83.1744	83.1744	1304.16	5
721.682	1443.36	1486.98	0
928.549	1857.1	2139.5	33
702.452	1404.9	1654.91	21
96.561	96.561	1280.8	7
218.253	436.506	1438.11	33
92.2429	368.972	1326.64	24
381.574	763.148	1614.74	25
575.08	1150.16	1769.64	30
498.981	1995.92	1406.63	15
818.642	3274.57	1613.47	27
194.145	194.145	1447.39	23
361.857	361.857	1417.91	28
401.022	401.022	1601.58	30
153.865	153.865	1380.85	4
285.585	1142.34	1501.4	33
1418.61	5674.45	2063.97	24
600.934	600.934	1724.97	31
405.443	405.443	1603.97	32
483.803	1935.21	1638.73	27
1247.31	2494.61	1614.63	21
976.683	1953.37	1464.75	15
205.171	410.342	1377.6	6
30	496.059	1595.68	1135.24	5997.99	1626.29	2211.23	1016.03	2088.84
342.591	1370.36	2070.1	30
382.643	765.286	1575.43	33
496.866	496.866	1698.22	32
581.702	2326.81	1408.78	21
312.879	312.879	1903.17	26
388.668	388.668	1494.04	29
550.515	1101.03	2088.84	31
215.584	862.337	1304.81	3
973.979	1947.96	1654.73	22
1499.5	5997.99	1441.16	24
134.136	536.545	1287.81	9
452.242	452.242	1655.22	26
140.051	560.203	1352.87	6
39.8155	39.8155	1505.63	12
397.49	397.49	1691.15	21
534.399	2137.6	1550.48	27
548.69	548.69	1728.08	31
335.939	671.879	1421.18	15
259.282	259.282	1525.63	17
621.79	1243.58	1584.08	16
67.9941	135.988	1362.03	4
556.853	1113.71	1660.49	21
429.207	429.207	1629.99	26
239.671	479.343	1470.47	25
206.664	826.658	1384.5	33
323.673	1294.69	1539.68	24
899.355	1798.71	2115.01	31
1016.03	2032.07	2211.23	30
337.891	337.891	1455.77	22
1595.68	3191.35	2018.09	28
30	354.556	1004.68	672.054	3078.14	1537.34	2223.86	906.45	1943.43
288.433	1153.73	1428.8	24
129.627	518.507	1299.88	3
277.044	277.044	1578.64	6
502.504	502.504	1704.99	32
627.565	2510.26	1933.06	30
356.234	356.234	1576.27	33
145.485	145.485	1348.86	29
335.863	1343.45	1472.7	15
252.919	252.919	1518.25	17
906.45	1812.9	1593.08	31
17.475	17.475	1814.27	26
122.111	244.222	1637.98	28
69.2604	69.2604	1285.68	2
769.536	3078.14	1672.28	33
232.121	464.242	1412.21	31
169.799	169.799	1667.3	27
364.879	364.879	1565.28	32
223.822	447.645	1312.68	16
942.304	942.304	1343.7	24
661.997	661.997	1961.35	5
56.7557	56.7557	1263.83	19
205.731	411.462	1421.48	4
227.943	227.943	1469.91	16
140.091	280.182	1327.22	3
105.868	211.736	1309.95	13
1004.68	1004.68	2223.86	25
779.634	1559.27	1943.43	6
356.049	712.097	1267.83	7
162.541	162.541	1441.22	17
201.959	201.959	1324.14	29
30	388.492	1072.1	939.232	4288.4	1622.66	2217.66	871.952	2066.52
967.285	1934.57	1654.45	21
77.9261	155.852	1340.5	3
296.009	296.009	1558.22	17
593.684	2374.74	1966.02	6
258.707	1034.83	1299.91	12
544.789	1089.58	1921.71	31
165.875	165.875	1557.06	20
1072.1	4288.4	1652.89	24
36.4331	36.4331	1232.53	19
177.054	354.107	1241.24	9
472.01	472.01	1674.98	21
116.936	116.936	1577.6	27
172.837	691.349	1389.62	3
130.804	261.608	2174	30
288.278	576.555	1512.04	25
216.2	216.2	1461.76	20
604.827	604.827	1870.18	17
290.935	290.935	1486.22	31
148.713	594.852	1364.66	9
792.133	3168.53	1955.98	6
403.402	806.803	1605.19	33
432.738	865.475	1682.07	24
146.38	292.76	1377.16	12
247.521	495.042	1454.27	13
644.432	1288.86	1875.14	25
531.976	2127.91	1565.79	27
175.995	703.979	1395.3	18
871.952	1743.9	2066.52	21
425.634	425.634	2217.66	26
351.2	702.4	1549.21	19
30	454.679	1937.31	1096.43	4081.96	1539.21	2043.27	1062.81	1859.27
139.911	279.821	1426.52	4
452.754	452.754	1654.45	32
141.186	564.744	1248.26	9
366.361	1465.44	1312.08	12
33.1169	33.1169	1641.57	27
327.032	1308.13	1358.17	18
284.819	284.819	1497.04	33
629.323	1258.65	1540.93	31
618.327	1236.65	1939.55	30
116.882	116.882	1480.73	23
119.332	238.664	1326.91	22
291.883	583.766	1476.22	28
371.778	1487.11	1589.84	33
98.0781	196.156	1294.62	31
1456.44	2912.88	1484.07	21
1062.81	2125.61	1644.18	24
576.412	576.412	1859.27	6
1937.31	3874.62	1648.71	25
724.417	2897.67	1611.47	15
243.854	975.415	1412.73	27
130.604	261.207	1450.85	18
248.347	248.347	1450.03	21
464.12	928.24	1641.59	25
206.738	413.475	1503.81	24
307.107	307.107	1541.03	27
128.344	513.375	1338.17	9
145.387	290.775	1581.22	0
1020.49	4081.96	2043.27	30
660.635	2642.54	1658.19	6
336.589	336.589	1520.69	33
30	477.772	1609.43	1521.61	6437.74	1539.54	1939.36	936.648	1819.6
379.696	379.696	1557.9	33
256.911	256.911	1457.65	32
723.529	723.529	1394.12	31
347.433	694.866	1585.64	24
202.13	202.13	1509.61	23
261.092	1044.37	1334.76	15
581.904	2327.62	1686.68	21
1609.43	6437.74	1561.59	30
305.475	305.475	1564.55	17
157.706	157.706	1320.94	25
32.2747	64.5494	1486.54	16
900.547	3602.19	1939.36	30
406.829	813.658	1612.93	31
831.047	3324.19	1683.92	21
927.252	3709.01	1420.41	15
341.906	1367.62	1351.52	12
822.153	3288.61	1404.16	24
276.745	1106.98	1473.38	18
333.609	333.609	1520.58	22
990.177	3960.71	1789.85	27
478.059	478.059	1673.51	21
201.959	807.834	1324.14	15
230.002	460.004	1393.19	22
562.508	2250.03	1934.71	6
174.582	174.582	1560.58	20
237.909	475.818	1493.98	24
56.488	225.952	1247.14	12
936.648	3746.59	1673.64	33
697.048	2788.19	1819.6	27
70.107	140.214	1409.57	13
30	469.181	1591.77	1343.31	6367.1	1526.56	1956.07	926.118	1840.26
344.108	1376.43	1521.82	33
1591.77	6367.1	1543.83	30
377.045	1508.18	1627.47	6
3.00899	6.01798	1232.61	7
649.525	1299.05	1523.78	21
747.023	1494.05	1840.26	4
542.138	2168.55	1499.15	0
1232.4	4929.62	1654.45	24
77.3827	154.765	1286.14	25
894.804	3579.22	1956.07	3
58.4562	116.912	1483.63	12
216.277	432.553	1499.8	0
76.5266	153.053	1318.71	22
869.94	1739.88	1857.77	16
358.197	1432.79	1249.13	15
348.714	348.714	1542.8	25
186.1	186.1	1387.84	24
279.477	558.954	1385.29	18
226.048	904.192	1336.22	21
294.853	589.706	1473.31	33
409.032	409.032	1612.05	24
760.172	1520.34	1653.77	21
226.048	226.048	1336.22	29
399.387	1597.55	1324.05	12
354.429	708.858	1566.28	25
318.767	318.767	1640.99	26
146.958	146.958	1666.24	28
321.714	643.429	1435.8	0
839.005	1678.01	1669.49	27
926.118	3704.47	1671.78	33
30	528.241	2243.86	1579.76	8975.45	1549.47	2230.72	1074.36	1769.21
276.289	1105.16	1576.73	6
598.57	2394.28	1709.36	30
192.197	192.197	1553.2	20
50.2547	50.2547	1247.43	19
542.121	2168.48	1449.14	24
901.457	3605.83	1602.03	21
95.5626	95.5626	1247.14	13
509.26	2037.04	1240.74	18
211.578	211.578	1406.42	12
287.668	575.336	1380.9	10
302.954	605.908	1513.56	33
168.151	672.602	1315.06	3
770.986	1541.97	1939.83	4
753.773	3015.09	1469.1	12
384.255	384.255	1769.21	31
1074.36	1074.36	1580.38	21
184.124	184.124	1429.42	23
414.994	829.988	1618.02	30
459.37	1837.48	1574.2	15
2243.86	8975.45	1455.91	24
429.386	429.386	1632.25	30
352.381	704.761	1529.85	21
1323.73	5294.91	2230.72	12
155.523	155.523	1652.14	28
618.04	618.04	1729.51	29
461.519	1846.07	1623.07	6
589.196	2356.79	1363.29	24
134.363	268.726	1321.66	3
427.819	427.819	1605.54	31
933.476	3733.91	1718.23	27
30	533.979	1679.01	1405.29	6716.03	1619.39	2212.08	1351.42	2117.63
197.667	395.334	1263.09	6
229.064	229.064	1573.32	21
605.361	2421.44	1853	30
139.911	279.821	1426.52	4
350.635	350.635	1529.58	33
1491.04	5964.18	1635.63	24
333.938	667.876	2096.18	31
1679.01	6716.03	1586.84	15
118.531	118.531	1350.88	8
358.075	716.15	1368.5	27
276.031	552.062	1246.51	16
39.4398	78.8796	1272.95	6
546.236	1092.47	1649.39	15
382.053	1528.21	1361.74	18
415.079	830.157	1596.55	30
215.701	215.701	1429.37	25
437.118	437.118	2058.32	26
194.026	388.052	1386.58	33
734.164	2936.65	1929.33	24
1089.7	2179.4	2117.63	31
441.853	1767.41	1400.97	0
526.564	2106.26	1577.66	15
992.356	1984.71	2212.08	25
98.0199	98.0199	1269.62	4
192.227	384.455	1358.69	3
903.728	1807.46	2115.57	30
1101.69	2203.39	2178.86	31
427.64	855.28	1609.54	33
151.086	151.086	1610.51	20
1351.42	2702.84	1516.22	21
30	462.097	2160.74	1305.55	8642.96	1625.86	2209.75	999.797	2126.96
532.915	2131.66	2126.96	30
268.641	537.283	1459.23	33
259.397	518.794	1548.95	27
418.851	418.851	2209.75	26
262.281	262.281	1499.29	24
933.839	3735.36	1471.18	21
72.779	72.779	1463.75	20
926.852	3707.41	1885.45	0
1073.98	2147.96	1662.79	22
2160.74	8642.96	1642.26	15
114.358	457.432	1595.14	18
296.453	592.906	1479.83	15
449.817	1799.27	1568.29	24
567.234	1134.47	1939.58	6
338.24	338.24	1581.84	5
348.562	348.562	1527.74	30
219.392	438.784	1502.93	0
481.188	481.188	1737.67	20
186.351	186.351	1457.74	13
390.424	780.849	2177.06	31
110.499	220.998	1280.67	6
410.084	410.084	1601.2	15
386.567	1546.27	1564.12	30
233.469	233.469	1449.29	22
237.228	474.457	1445.43	13
197.547	395.094	1362.64	3
722.69	2890.76	1917.33	21
139.21	139.21	1344.71	9
123.528	123.528	1668.54	28
999.797	3999.19	1604.34	18
30	426.192	2018.76	992.905	4037.52	1564.79	2182.43	927.252	1971.75
77.7822	77.7822	1488.4	21
908.112	3632.45	1550.57	24
200.104	400.207	1302.01	16
192.259	384.517	1369.76	33
207.217	414.435	1954.21	31
1125.85	1125.85	1603.26	32
91.9645	183.929	1264.37	7
488.217	976.434	1503.2	0
92.2562	184.512	1301.95	4
161.333	322.666	1498.24	1
325.543	651.086	1520.1	24
598.904	2395.62	1971.75	6
566.096	566.096	1741.78	31
150.404	150.404	1331.12	32
927.252	3709.01	1420.41	21
255.408	510.816	1473.16	25
39.1415	39.1415	1255.14	1
129.965	519.859	2182.43	30
624.759	1249.52	1840	33
2018.76	4037.52	1459.81	22
757.758	3031.03	1921.63	6
824.932	1649.86	2019.5	24
219.323	219.323	1502.89	0
338.234	338.234	1633.17	21
1.87801	1.87801	1332.73	9
150.412	150.412	1665.78	28
154.432	154.432	1373.3	3
305.201	610.401	1503.01	25
436.447	436.447	1639.43	30
415.823	1663.29	1320.64	12
30	457.409	2042.68	1404.96	8170.73	1597.15	2139.51	1069.83	2045.06
611.599	611.599	1878.49	17
474.869	949.739	1697.55	25
119.372	119.372	2139.51	30
281.586	563.173	1368.1	16
188.22	752.88	1476.04	12
236.436	472.873	1482.61	22
214.302	857.208	1312.99	3
355.222	710.444	1558.24	33
2042.68	8170.73	2104.29	24
210.36	841.439	1330.1	15
196.716	786.864	1589.88	27
321.093	321.093	1558.35	16
240.854	481.709	1443.32	30
39.9923	159.969	1388.09	6
253.866	1015.47	1438.22	9
305.607	1222.43	1545.64	18
959.593	3838.37	1797.47	24
712.095	2848.38	1478.78	0
586.374	2345.5	1802.57	33
858.646	3434.58	1605.81	21
348.371	348.371	1462.82	29
90.1531	90.1531	1446.68	20
169.806	339.611	1335.82	15
497.874	497.874	1705.45	33
655.717	2622.87	1642.3	24
116.228	464.913	1301.93	3
330.04	660.081	1524.59	30
1107.12	2214.24	1701.8	18
1069.83	4279.31	2045.06	21
127.647	127.647	1752.15	31
30	373.265	1195.41	954.16	4781.64	1576.39	2181.35	722.326	2019.91
54.7028	54.7028	1377.6	6
554.088	1108.18	1773.15	25
274.496	1097.98	1473.25	27
421.563	843.126	1508.05	16
88.8704	88.8704	1283.61	22
601.34	1202.68	1419.01	21
644.408	644.408	1861.44	5
144.448	577.791	2181.35	30
544.183	544.183	1646.96	29
617.01	1234.02	1798.11	33
105.914	211.828	1286.82	7
483.261	483.261	1623.27	30
268.755	1075.02	1561.2	24
166.277	665.109	1335.57	3
381.133	762.266	2115.44	31
190.176	380.353	1469.29	16
553.797	1107.59	1522.31	21
75.3307	75.3307	1560.98	15
411.977	1647.91	1420.6	18
1195.41	4781.64	1370.8	12
135.002	135.002	1608.99	11
96.3041	192.608	1290	4
825.361	3301.44	2019.91	21
722.326	2889.31	1514.89	0
580.361	1160.72	1775.19	31
94.3322	94.3322	1495.42	23
200.282	801.13	1372.08	6
580.554	1161.11	1761.68	33
69.6919	69.6919	1326.74	16
116.606	233.212	1538.06	28
30	474.502	1508.93	1250.56	6035.73	1533.25	1757.25	974.228	1741.56
417.432	834.865	1639.07	25
271.274	271.274	1580.46	6
433.84	433.84	1627.47	5
803.961	3215.84	1746.43	24
348.474	1393.89	1406.22	21
139.117	139.117	1355.88	2
419.595	419.595	1621.21	32
106.567	213.134	1557.14	16
172.346	689.385	1348.24	3
610.515	2442.06	1512.77	15
845.158	3380.63	1699.91	30
471.928	471.928	1757.25	24
387.181	387.181	1741.56	31
730.761	2923.04	1232.59	33
395.706	1582.83	1414.63	0
122.834	245.668	1662.59	28
274.45	274.45	1652.89	23
209.555	209.555	1433.61	25
363.476	1453.9	1249.88	27
303.356	1213.42	1290.09	3
432.627	432.627	1635.63	32
498.263	1993.05	1662.11	27
527.543	1055.09	1741.23	31
29.0451	58.0903	1263.63	15
480.363	480.363	1590.7	33
358.917	1435.67	1629.32	24
338.88	338.88	1555.41	11
1508.93	6035.73	1484.07	30
974.228	974.228	1632	29
1258.74	2517.48	1273.4	25
30	502.143	2215.22	1137.48	4430.44	1593.66	2177.55	1065.01	2027.66
548.045	2192.18	1826.54	6
297.568	595.136	1422.96	16
719.986	1439.97	1545.85	0
389.648	1558.59	1578.69	33
1065.01	2130.02	1592.48	31
396.213	1584.85	1279.43	12
401.124	401.124	1682.52	29
1194.8	2389.59	1632.25	21
146.278	292.556	2177.55	30
179.284	179.284	1529.43	11
223.791	223.791	1367.12	0
271.175	271.175	1474.21	21
302.767	1211.07	1560.26	18
125.088	125.088	1611.13	27
92.6123	92.6123	1291.77	6
990.618	3962.47	1906.21	30
632.562	632.562	1849.46	5
541.663	2166.65	1286.02	15
138.027	138.027	1671.78	26
349.239	1396.96	1482.99	24
202.885	202.885	1570.52	1
149.972	149.972	1358.17	19
59.7368	238.947	1365.54	9
899.743	899.743	2115.11	31
351.987	351.987	1553.56	21
262.24	262.24	1527.68	0
730.199	1460.4	1629.53	33
2215.22	4430.44	1581.79	24
385.223	1540.89	1311.59	15
801.587	1603.17	2027.66	25
30	537.592	2116.47	1404.04	8465.89	1624.23	2301.76	1640.13	1933.06
231.18	231.18	1518.25	29
583.121	2332.48	1609.36	33
104.125	104.125	1438.22	12
435.202	435.202	1725.29	31
208.932	835.728	1362.24	3
146.555	146.555	2177.93	30
1640.13	6560.53	1480.86	21
125.042	500.168	1664.11	27
167.811	671.243	1530.32	18
539.105	539.105	1740.75	32
310.043	1240.17	1510.77	30
145.594	145.594	1659.38	28
139.763	139.763	1933.06	26
1106.52	1106.52	2301.76	32
235.97	235.97	1336.22	21
573.318	573.318	1768.34	33
982.52	1965.04	1660.99	22
381.764	381.764	1590.7	31
222.573	222.573	1463.62	29
242.517	970.069	1486.41	18
187.348	187.348	1517.64	24
554.019	1108.04	1833.69	6
478.79	957.58	1680.53	33
138.529	554.116	1355.33	3
2116.47	8465.89	1752.15	21
509.877	509.877	1717.44	31
1879.72	7518.9	1568.67	30
18.314	36.628	1222.43	19
438.544	877.087	1623.49	12
1284.34	2568.68	1497.04	22
30	484.952	1811.15	1479.79	7244.61	1542.29	2174.13	1107.95	2022.68
521.833	1043.67	2115.92	31
228.916	457.832	1225.95	4
175.652	175.652	1354.37	33
1090.94	2181.89	1409.05	30
158.182	158.182	1653.88	28
109.343	218.686	1295.19	25
361.556	1446.22	1478.98	24
1811.15	7244.61	1929.66	21
1329.5	5317.99	1659.21	15
931.94	1863.88	1419.57	22
747.516	2990.06	1541.32	27
285.924	1143.7	1542.59	12
450.206	1800.82	1406.9	18
827.686	1655.37	2022.68	30
833.552	3334.21	1227.83	24
114.879	229.758	1560.88	16
160.465	160.465	1908.66	26
215.922	863.687	1212.41	6
158.727	634.909	1380.37	3
206.698	413.396	1412.21	19
183.258	733.032	1304.8	15
21.1069	21.1069	1465.26	14
181.078	362.156	1383.57	30
488.768	1955.07	1310.63	0
608.963	608.963	1826.31	5
170.022	340.043	1405.2	4
451.705	903.409	1613.29	6
1107.95	4431.8	2174.13	21
236.478	945.911	1453.67	33
378.649	757.299	1574.2	12
